2.622	1.632	0.606	1.615	0.618	0.615	0.612	0.604	2.616	0.598		1.2138
0.493	0.531	0.512	1.483	1.512	1.522	0.508	0.473	1.604	1.52		1.0158
3.629	1.58	0.519	1.61	1.615	0.51	1.51	0.504	1.502	0.494		1.3473
0.512	1.528	1.508	0.535	1.506	0.514	0.51	0.493	0.476	0.524		0.8106
0.519	0.514	0.485	0.53	2.612	1.497	0.497	1.617	2.616	0.514		1.1401
1.596	0.489	1.614	0.512	0.548	1.619	0.507	1.512	1.609	2.621		1.2627
0.522	1.507	0.495	1.584	1.626	0.484	2.612	0.53	2.631	0.518		1.2509
0.49	0.502	2.509	0.509	1.598	0.538	1.588	1.616	1.629	1.632		1.2611
1.53	0.528	1.607	0.505	0.522	0.525	0.486	0.514	0.51	2.615		0.9342
0.51	1.646	0.529	0.504	1.476	1.626	1.616	1.504	0.496	0.524		1.0431
0.498	2.524	2.618	0.495	0.521	0.494	1.539	0.502	2.532	0.529		1.2252
0.497	0.532	1.638	0.477	0.505	1.524	0.525	0.514	1.594	1.638		0.9444
0.495	0.499	2.58	0.518	1.608	2.612	1.618	1.612	0.489	0.54		1.2571
0.497	0.52	0.514	2.609	1.53	0.51	1.493	1.622	2.613	2.532		1.444
0.489	0.513	2.62	1.613	0.481	0.502	1.607	0.531	0.603	0.494		0.9453
1.582	2.606	1.615	0.521	1.6	0.54	1.53	1.508	1.515	0.522		1.3539
1.531	0.588	1.507	1.515	1.505	2.621	0.488	0.606	0.532	0.499		1.1392
0.5	1.516	1.509	0.538	0.541	0.501	1.605	0.518	1.608	0.496		0.9332
0.509	0.511	0.516	0.471	0.482	1.61	1.592	0.516	1.594	1.596		0.9397
0.505	1.533	0.51	0.521	1.629	0.506	0.512	0.521	1.619	2.606		1.0462
1.633	1.575	0.485	0.509	0.497	1.524	2.605	1.518	0.485	1.615		1.2446
0.525	0.487	2.61	1.591	1.515	1.63	1.542	0.5	2.633	0.494		1.3527
0.523	2.608	0.502	0.498	0.518	0.527	2.63	0.503	1.589	0.505		1.0403
0.486	3.643	0.508	0.504	1.602	1.606	0.515	0.511	0.507	0.495		1.0377
1.584	0.501	2.64	0.509	1.518	1.604	1.619	1.615	0.507	1.612		1.3709
0.53	2.612	1.487	0.503	0.532	1.498	1.58	1.528	0.508	0.504		1.1282
0.502	1.51	0.523	0.498	0.525	0.546	1.609	2.61	0.49	0.5		0.9313
0.484	0.5	0.509	1.508	0.479	1.6	1.603	1.622	1.611	0.531		1.0447
0.517	2.609	2.619	0.528	0.514	0.501	2.513	1.626	1.499	1.528		1.4454
0.533	0.505	1.587	0.526	0.491	0.52	2.615	2.489	1.619	0.497		1.1382
0.522	3.629	1.61	1.596	0.52	0.536	0.511	0.527	0.513	0.489		1.0453
1.608	1.606	0.502	1.587	0.514	1.502	0.517	0.51	0.488	0.526		0.936
1.523	1.597	0.53	1.503	1.606	1.604	0.494	0.522	0.477	1.611		1.1467
1.591	0.494	1.542	0.491	0.505	1.607	1.613	0.531	0.497	0.48		0.9351
0.523	0.519	0.491	1.516	2.599	2.59	0.506	1.603	0.491	0.487		1.1325
1.507	0.524	1.515	1.601	0.631	1.51	2.589	0.513	2.594	1.507		1.4491
0.512	1.511	0.513	1.503	0.506	0.503	1.537	2.612	1.637	1.603		1.2437
1.604	0.524	0.48	0.496	2.628	0.517	1.632	0.515	1.534	1.536		1.1466
1.6	1.639	1.618	0.527	0.485	0.484	1.525	1.607	1.611	0.614		1.171
0.514	0.492	1.516	0.513	0.512	0.52	1.613	2.602	0.513	1.518		1.0313
0.517	0.515	1.607	2.608	0.534	2.591	1.612	0.492	1.539	1.617		1.3632
2.508	0.511	0.499	0.494	1.521	1.611	1.514	0.548	0.526	0.513		1.0245
1.601	0.485	1.614	2.607	0.516	0.496	1.498	0.491	0.508	0.523		1.0339
0.498	1.598	0.514	0.527	1.505	1.502	0.523	0.5	0.507	0.51		0.8184
2.55	1.522	1.508	1.528	0.499	2.598	0.474	0.532	0.535	0.516		1.2262
0.622	0.499	1.601	1.634	1.597	0.505	1.624	0.514	0.492	0.502		0.959
0.497	2.634	0.519	0.507	2.588	0.533	1.524	0.488	0.505	1.496		1.1291
2.493	1.604	2.605	0.502	0.508	0.511	0.493	1.573	1.634	1.517		1.344
2.602	0.498	3.62	0.493	1.63	1.611	2.615	0.507	0.53	1.63		1.5736
0.486	1.624	0.495	2.626	0.526	0.5	0.516	3.607	1.547	2.626		1.4553
0.514	0.507	2.62	0.486	2.613	0.509	0.522	0.496	1.596	0.514		1.0377
2.602	1.52	2.612	0.497	0.518	0.503	1.602	0.531	1.523	0.511		1.2419
0.527	0.494	0.53	1.632	1.622	0.52	1.517	0.509	0.507	1.535		0.9393
0.502	0.525	0.469	1.579	1.6	0.515	2.614	0.501	0.513	1.481		1.0299
2.63	1.593	0.507	3.608	2.613	1.533	1.507	1.638	0.503	1.603		1.7735
0.499	0.511	1.607	0.516	0.505	1.624	2.613	0.492	0.515	1.581		1.0463
0.52	1.632	0.517	0.611	0.51	1.526	1.624	0.478	0.527	0.534		0.8479
1.616	0.511	1.508	0.51	0.512	0.511	0.517	2.607	0.524	1.616		1.0432
0.509	1.516	0.507	0.474	1.528	1.591	0.508	0.505	2.636	2.534		1.2308
0.488	0.476	1.618	1.611	2.613	0.508	0.494	0.527	0.511	2.614		1.146
0.516	1.639	1.621	1.529	0.504	1.499	0.498	0.525	0.491	0.49		0.9312
0.489	0.506	1.648	0.501	1.602	0.529	1.612	2.602	0.502	0.507		1.0498
0.517	0.496	0.485	0.556	1.477	0.517	1.521	1.496	2.628	0.546		1.0239
0.497	0.533	0.517	1.595	0.53	0.511	0.514	0.506	1.499	1.624		0.8326
0.49	1.523	1.494	2.623	1.581	0.601	0.516	1.613	0.49	0.535		1.1466
2.596	0.509	0.517	1.636	0.516	0.509	0.507	1.498	0.491	1.501		1.028
1.626	0.601	0.526	0.505	1.619	2.531	0.491	0.488	0.52	1.582		1.0489
0.503	0.496	0.508	0.502	0.502	1.593	3.628	0.522	0.485	2.628		1.1367
3.629	2.527	1.621	0.525	2.621	1.602	2.597	2.609	2.598	1.614		2.1943
2.605	0.5	0.484	1.615	1.612	1.518	1.631	1.629	2.63	0.516		1.474
1.615	0.518	2.594	0.506	0.51	0.502	0.52	1.628	1.617	1.629		1.1639
0.501	2.601	0.496	1.514	1.596	0.52	0.493	0.492	0.497	1.523		1.0233
0.518	1.523	0.503	1.525	0.508	1.628	0.513	2.604	1.602	0.496		1.142
1.578	0.518	0.509	0.525	0.499	2.534	0.5	0.609	1.51	1.621		1.0403
0.476	0.511	2.617	2.597	3.626	1.635	0.505	0.526	0.486	1.614		1.4593
0.503	0.495	0.485	1.608	0.533	2.542	1.525	2.522	0.504	0.515		1.1232
0.489	0.525	2.624	0.52	1.634	1.628	0.522	0.509	1.508	1.515		1.1474
0.511	1.603	1.507	2.616	1.521	1.508	0.535	0.497	1.609	2.578		1.4485
2.625	0.505	0.624	0.492	1.535	0.501	0.496	0.504	2.626	0.499		1.0407
1.627	2.606	0.494	0.486	0.491	0.492	1.591	1.506	0.528	1.63		1.1451
0.503	1.613	0.516	0.5	0.498	2.613	0.52	0.588	0.509	0.503		0.8363
0.507	0.497	0.51	0.513	1.608	0.517	2.501	0.504	0.484	1.5		0.9141
2.621	1.619	0.511	2.608	0.542	1.594	0.525	0.522	0.603	1.605		1.275
1.605	0.501	0.504	0.497	1.619	1.642	0.507	1.536	1.503	1.54		1.1454
0.518	0.518	1.502	1.605	2.623	1.496	0.504	2.597	0.554	1.614		1.3531
0.503	1.635	0.503	3.621	0.512	0.502	0.502	0.515	0.523	0.478		0.9294
0.483	0.492	0.512	1.601	0.524	2.603	0.519	1.619	0.496	2.618		1.1467
2.525	0.506	0.624	1.505	0.488	2.611	1.604	1.538	1.601	1.631		1.4633
2.579	1.624	0.504	0.518	0.503	0.516	1.618	0.502	0.494	1.532		1.039
1.604	0.505	2.541	1.598	0.499	0.545	1.517	0.481	2.601	0.498		1.2389
0.554	0.486	0.604	0.514	2.647	0.496	1.616	0.506	1.596	1.612		1.0631
2.651	2.579	0.476	1.588	1.514	1.59	1.574	0.635	0.504	0.507		1.3618
1.589	0.504	0.499	0.503	1.618	0.519	1.506	0.506	0.514	0.487		0.8245
1.519	0.523	3.512	0.498	0.517	0.535	1.505	0.491	0.522	1.502		1.1124
1.528	3.614	1.614	0.525	2.627	0.51	1.595	1.495	2.623	0.48		1.6611
2.62	0.508	2.627	1.642	1.519	1.622	1.622	0.489	0.509	0.511		1.3669
2.621	1.61	1.622	0.527	1.585	1.482	0.493	1.589	0.53	1.612		1.3671
2.601	0.512	1.609	0.481	0.503	1.485	1.513	1.599	0.5	1.528		1.2331
0.493	0.519	3.585	1.601	1.496	2.611	1.506	1.517	0.546	0.51		1.4384
1.513	1.606	2.61	0.51	0.524	0.515	1.632	1.597	0.515	3.607		1.4629
0.499	0.53	0.502	1.611	0.513	1.606	0.507	0.495	1.617	1.594		0.9474
2.62	1.614	0.519	0.497	0.527	0.498	1.525	0.512	2.588	2.515		1.3415
0.583	0.522	1.522	1.53	0.503	1.521	2.619	2.603	0.537	0.522		1.2462
1.485	0.514	0.511	0.525	1.622	1.587	0.499	2.61	1.54	2.623		1.3516
0.505	0.5	3.629	0.49	0.508	0.506	2.604	0.487	1.624	1.609		1.2462
0.529	1.497	0.491	1.605	0.52	0.522	2.618	0.481	1.624	2.59		1.2477
2.504	2.617	1.64	1.531	1.489	0.507	1.557	1.537	2.556	0.504		1.6442
2.632	1.507	1.625	0.513	0.53	0.509	0.55	0.603	0.505	1.608		1.0582
0.495	0.516	0.516	1.486	0.503	0.503	2.504	2.51	2.623	1.621		1.3277
0.512	1.623	1.513	2.639	0.456	1.51	1.607	0.511	2.62	1.495		1.4486
0.505	0.525	0.503	1.602	1.619	0.503	0.514	0.487	0.519	1.631		0.8408
1.616	1.494	0.484	0.504	1.605	1.599	0.521	1.582	1.619	0.498		1.1522
0.509	0.492	0.501	1.605	1.603	1.517	2.622	0.505	1.579	1.499		1.2432
1.604	0.492	1.608	0.486	1.534	1.505	1.601	1.502	0.522	1.616		1.247
1.61	0.588	1.484	1.6	1.623	0.529	1.574	1.599	1.604	1.521		1.3732
0.514	1.501	0.501	0.49	1.622	0.523	2.512	2.54	1.51	0.512		1.2225
0.516	0.512	1.597	1.618	1.495	1.616	0.501	0.511	2.621	1.598		1.2585
2.504	0.483	0.501	1.52	0.501	1.482	0.498	0.612	1.526	0.52		1.0147
0.508	2.608	0.495	0.507	0.492	0.522	0.522	0.492	1.624	0.516		0.8286
0.525	1.616	0.504	0.511	0.516	0.497	3.622	0.533	2.534	1.624		1.2482
0.525	0.489	1.619	0.512	0.517	3.602	0.525	0.489	1.603	1.618		1.1499
0.509	1.515	0.515	0.518	1.595	0.511	0.523	1.492	1.589	2.526		1.1293
0.498	1.517	0.495	0.502	0.51	0.517	1.612	1.644	0.499	0.619		0.8413
0.51	1.598	0.517	0.523	3.54	0.48	0.516	0.493	1.517	1.486		1.118
1.606	0.499	1.619	0.517	2.61	1.613	0.513	0.517	1.617	0.5		1.1611
0.513	1.503	0.513	1.62	1.597	1.605	1.507	1.517	0.518	0.508		1.1401
1.513	1.595	0.517	1.51	1.491	2.525	1.605	0.499	0.497	2.634		1.4386
1.618	0.496	1.48	1.625	1.631	0.492	0.517	1.595	1.531	0.496		1.1481
2.528	0.515	0.491	1.521	1.63	2.594	0.515	0.53	0.494	1.503		1.2321
1.618	1.52	1.606	2.629	1.496	1.626	1.519	0.538	0.505	1.593		1.465
2.643	1.628	1.6	1.614	0.499	0.514	1.611	0.534	1.619	1.501		1.3763
0.523	2.618	1.518	1.519	1.614	0.502	0.486	0.515	0.491	0.534		1.032
0.476	0.52	1.497	0.525	0.517	1.513	0.54	0.528	0.48	1.596		0.8192
1.501	0.507	0.503	1.634	2.608	0.506	1.596	0.499	1.513	0.524		1.1391
2.616	1.612	2.508	0.524	2.595	0.503	0.494	0.485	1.63	0.507		1.3474
1.503	2.618	2.61	0.526	0.505	0.512	0.503	0.474	1.647	1.594		1.2492
2.644	0.515	1.595	2.608	1.607	1.609	0.53	2.648	0.495	0.503		1.4754
2.627	1.513	1.506	0.505	2.619	0.523	0.527	1.596	0.476	1.517		1.3409
3.625	1.633	0.507	0.499	0.501	1.631	1.525	0.511	0.5	0.521		1.1453
1.585	1.518	0.504	3.634	1.599	0.494	0.506	0.486	1.536	2.622		1.4484
0.502	0.505	1.474	0.501	0.499	1.514	1.622	0.498	2.614	0.506		1.0235
0.486	1.622	1.604	2.587	0.549	1.603	0.511	0.521	0.503	0.499		1.0485
0.497	0.514	1.521	0.503	1.5	0.498	1.606	0.504	0.487	1.603		0.9233
0.512	0.467	0.529	2.613	2.618	1.598	1.517	1.491	0.518	1.484		1.3347
0.484	1.505	0.522	1.614	0.523	0.492	0.477	0.488	2.605	2.616		1.1326
0.516	0.482	0.517	1.513	1.61	0.527	1.616	0.517	2.622	0.531		1.0451
0.532	3.631	0.499	1.616	0.507	1.524	0.52	2.604	0.546	0.517		1.2496
1.497	0.524	0.5	2.632	1.595	0.496	2.481	0.478	1.592	1.529		1.3324
2.62	2.624	0.508	1.607	0.533	0.53	0.496	1.589	1.491	0.523		1.2521
0.501	2.608	1.609	1.533	1.513	0.498	1.595	2.527	0.52	0.499		1.3403
0.503	1.506	0.489	1.633	0.527	0.49	0.529	1.583	0.537	0.611		0.8408
0.473	1.59	2.616	0.511	1.588	2.611	1.6	0.49	1.601	0.505		1.3585
1.638	0.52	2.63	1.613	0.522	1.507	0.494	0.517	1.479	3.53		1.445
1.507	0.498	1.602	1.499	1.61	1.619	1.585	0.517	0.503	0.488		1.1428
1.628	0.507	0.499	0.512	2.519	1.596	1.533	0.511	1.594	1.624		1.2523
1.611	0.51	1.557	1.606	1.629	0.487	0.608	1.509	0.508	0.55		1.0575
0.469	0.508	0.512	1.493	2.626	1.507	1.516	0.512	1.594	0.517		1.1254
0.499	0.492	3.597	0.494	1.638	0.499	1.511	0.501	2.631	2.595		1.4457
0.523	2.524	3.594	2.628	0.517	1.601	1.629	0.509	1.511	0.522		1.5558
0.528	0.523	0.512	0.508	0.519	1.607	2.636	1.603	1.596	1.643		1.1675
1.598	1.626	0.603	1.616	1.521	1.51	1.501	0.495	1.522	0.5		1.2492
0.527	1.518	1.497	0.486	1.606	1.628	1.602	1.594	0.517	0.548		1.1523
0.522	0.494	2.598	0.518	1.614	1.5	0.5	0.508	3.636	2.602		1.4492
1.623	0.5	0.505	1.59	0.497	1.622	0.507	1.526	1.62	1.513		1.1503
0.538	1.642	2.626	0.496	0.514	0.5	1.598	0.499	2.598	1.605		1.2616
2.517	0.53	0.477	0.503	1.513	1.607	1.608	2.583	2.633	2.599		1.657
0.506	1.49	1.601	1.631	1.613	2.546	1.518	0.489	2.625	1.618		1.5637
1.513	0.507	3.612	0.511	1.49	1.623	2.597	0.479	0.501	1.518		1.4351
2.603	0.524	0.524	1.609	1.586	0.492	1.615	3.659	0.519	0.53		1.3661
2.638	0.494	0.502	1.485	2.603	0.508	0.524	0.51	0.497	0.499		1.026
1.614	0.499	0.505	1.631	2.613	2.603	0.492	1.614	0.513	0.494		1.2578
0.515	1.611	0.488	0.509	0.47	0.506	3.618	1.603	1.511	0.536		1.1367
1.611	0.533	1.616	1.621	0.503	1.616	0.497	0.491	1.606	1.607		1.1701
0.503	0.493	1.532	0.543	1.584	0.511	0.518	1.476	4.618	1.61		1.3388
2.512	1.578	0.51	1.608	1.517	2.625	0.527	0.504	0.521	0.49		1.2392
0.511	1.574	1.526	0.486	0.523	2.622	3.598	1.584	0.494	1.5		1.4418
1.616	0.498	1.63	2.596	2.631	2.605	1.624	0.518	0.514	0.595		1.4827
1.593	2.526	0.519	1.535	2.603	0.52	2.628	1.513	0.495	0.524		1.4456
3.499	1.596	3.613	2.604	0.505	0.471	0.516	0.622	1.619	0.493		1.5538
2.631	0.528	0.527	1.507	0.511	2.588	2.512	0.514	0.511	1.486		1.3315
1.602	0.495	1.627	0.504	0.521	0.524	1.62	0.529	0.46	0.501		0.8383
0.51	1.627	0.524	1.597	1.602	1.614	0.503	0.514	0.512	2.504		1.1507
0.505	1.6	3.58	0.54	0.49	2.614	1.498	0.517	1.498	0.512		1.3354
1.619	1.537	0.514	0.474	0.531	0.502	1.571	2.531	0.483	0.486		1.0248
0.515	0.492	0.519	1.516	0.503	1.615	1.537	1.487	0.502	1.633		1.0319
0.507	1.611	1.611	1.629	0.528	2.635	0.507	0.514	0.511	0.478		1.0531
0.526	1.607	0.515	1.531	1.589	0.506	2.619	1.58	0.531	0.498		1.1502
0.511	0.51	0.509	1.593	0.49	1.599	0.519	1.617	0.505	1.56		0.9413
1.52	0.48	0.522	0.533	0.507	2.657	1.61	2.624	0.527	0.504		1.1484
0.499	2.612	0.497	2.495	0.496	0.496	0.505	0.488	0.529	1.597		1.0214
2.601	1.625	1.5	1.62	1.512	1.616	1.489	1.597	0.498	0.502		1.456
0.527	2.613	0.527	0.501	0.596	0.524	2.607	1.634	0.515	1.53		1.1574
1.605	1.49	1.588	0.518	0.502	1.618	0.503	1.598	1.614	2.613		1.3649
0.487	0.517	0.537	0.531	1.501	0.518	0.488	0.51	0.481	2.607		0.8177
1.598	1.635	0.495	0.507	1.597	0.497	1.512	1.496	0.506	0.508		1.0351
1.511	0.519	1.633	1.529	1.602	0.482	0.515	0.476	0.528	0.523		0.9318
0.503	1.539	1.523	0.593	0.515	0.516	0.516	0.492	1.6	1.618		0.9415
0.507	2.637	1.563	0.544	1.506	0.52	1.599	0.496	1.517	0.499		1.1388
0.495	0.498	1.533	0.482	1.608	1.523	1.523	1.619	0.51	1.548		1.1339
0.485	0.525	1.614	1.519	1.605	1.612	0.518	1.53	0.516	1.604		1.1528
0.479	0.507	1.529	0.529	0.494	0.498	2.599	0.491	0.515	0.526		0.8167
2.64	0.497	0.536	0.458	1.513	2.612	0.518	0.525	0.53	0.506		1.0335
1.556	0.489	0.538	1.615	1.607	0.497	0.521	0.526	2.615	0.511		1.0475
1.514	1.628	1.62	1.496	1.501	2.641	1.606	3.614	1.509	1.601		1.873
0.53	2.613	0.483	0.621	0.51	0.523	0.511	1.596	1.607	0.52		0.9514
1.618	2.637	3.62	0.498	0.5	1.522	0.494	0.529	2.621	1.507		1.5546
0.493	1.613	0.479	0.505	1.508	1.579	0.504	0.499	0.465	0.512		0.8157
1.615	0.493	1.618	1.562	0.596	0.503	0.497	2.608	0.501	1.61		1.1603
1.54	0.474	3.634	0.496	0.509	1.504	2.61	2.599	0.5	2.519		1.6385
0.517	0.526	0.513	1.515	0.502	1.627	2.634	3.64	0.521	3.63		1.5625
1.585	0.514	0.501	0.513	2.536	0.513	0.511	0.5	0.505	1.603		0.9281
1.487	3.607	0.503	0.502	0.511	1.509	2.596	1.587	0.503	0.507		1.3312
1.605	1.605	0.5	1.58	1.583	1.494	1.614	1.652	0.518	1.545		1.3696
1.526	2.61	1.593	0.495	2.513	0.493	1.49	1.608	0.513	0.489		1.333
1.611	1.628	0.515	1.501	0.511	0.511	2.592	1.613	0.508	0.518		1.1508
0.48	1.596	2.602	1.609	1.601	1.619	1.575	1.514	0.498	1.611		1.4705
1.507	0.507	1.607	0.517	1.624	1.605	1.541	0.491	0.484	2.521		1.2404
0.506	1.526	0.482	2.597	0.474	0.509	0.515	0.486	0.482	2.618		1.0195
0.514	0.499	0.51	0.508	0.502	0.499	0.511	0.514	1.619	0.503		0.6179
0.499	1.513	0.515	0.526	1.487	2.524	2.614	0.513	2.623	2.605		1.5419
1.599	0.514	1.62	0.503	0.516	0.502	0.523	1.621	0.49	0.529		0.8417
0.513	0.515	2.525	1.638	1.591	1.614	0.517	0.506	2.6	0.476		1.2495
0.474	1.601	0.503	1.606	2.614	1.631	2.633	1.502	2.623	1.614		1.6801
2.618	1.513	0.498	1.589	0.489	0.489	1.599	1.602	0.516	1.523		1.2436
0.496	0.49	0.492	0.495	0.497	0.532	2.52	1.569	0.488	0.489		0.8068
0.517	1.627	1.6	1.618	0.485	0.508	0.51	0.486	3.655	0.541		1.1547
1.583	3.607	1.509	1.512	0.483	0.496	3.644	2.596	0.508	2.614		1.8552
0.496	0.513	1.5	0.511	1.611	1.635	0.489	0.506	0.514	1.604		0.9379
0.501	1.615	1.613	0.502	0.534	2.608	1.584	1.607	0.485	0.516		1.1565
0.511	0.52	1.618	1.603	0.5	1.616	1.614	0.5	1.6	1.477		1.1559
0.502	1.508	2.535	2.531	2.635	0.493	1.501	2.606	0.517	2.634		1.7462
2.613	1.532	1.605	0.496	0.473	0.485	1.602	1.525	1.524	1.601		1.3456
1.582	0.536	0.508	0.528	0.504	1.593	1.503	2.645	1.577	1.513		1.2489
1.622	2.617	0.526	1.611	1.626	0.496	1.654	0.54	1.617	0.509		1.2818
0.49	0.492	1.616	3.613	0.511	1.594	1.487	1.597	0.549	0.5		1.2449
1.546	0.513	0.511	0.516	2.633	1.537	2.623	0.508	1.492	0.527		1.2406
1.628	1.611	0.502	0.617	0.509	1.617	0.516	0.507	2.601	0.505		1.0613
1.613	1.52	0.497	0.494	0.536	1.544	2.633	0.489	0.528	1.579		1.1433
1.519	0.51	0.516	0.519	2.627	0.501	0.514	2.58	2.596	1.62		1.3502
0.507	1.591	2.615	0.51	0.499	0.523	1.613	0.52	0.505	0.498		0.9381
0.494	1.613	0.51	1.532	1.602	2.617	0.529	0.52	1.613	0.521		1.1551
0.488	1.509	2.632	1.541	1.5	0.488	0.51	0.503	2.617	0.502		1.229
2.617	0.482	0.512	0.505	0.511	1.591	0.482	0.504	1.619	2.528		1.1351
0.506	0.505	1.501	0.467	1.61	1.543	1.61	0.528	3.615	2.637		1.4522
0.528	0.535	1.6	0.504	0.515	0.485	0.501	1.612	0.498	1.631		0.8409
1.604	0.576	2.608	0.511	0.527	1.586	1.604	0.491	0.503	1.623		1.1633
0.511	0.485	0.493	0.48	0.496	1.491	0.515	0.503	1.61	0.522		0.7106
0.539	1.513	0.488	1.625	0.525	0.512	0.507	0.51	0.496	0.513		0.7228
0.486	1.616	0.516	1.531	0.496	0.515	2.534	0.508	1.62	0.492		1.0314
0.484	1.61	1.6	2.615	0.521	1.634	0.503	1.527	1.529	0.482		1.2505
2.508	0.483	0.539	1.592	0.503	0.496	1.6	1.633	1.611	1.511		1.2476
1.63	0.473	0.491	1.57	1.501	3.627	1.601	1.502	1.587	3.613		1.7595
1.605	0.518	1.523	0.491	1.616	1.586	1.533	0.495	2.522	2.593		1.4482
0.471	0.505	1.505	0.497	0.503	2.517	1.632	0.498	1.607	0.509		1.0244
0.518	2.522	2.614	2.607	1.519	0.498	1.524	0.532	0.532	1.619		1.4485
0.503	0.507	0.534	0.503	1.599	0.533	0.491	0.492	0.497	0.511		0.617
1.607	0.617	0.516	1.523	1.605	1.588	0.489	2.631	0.505	1.51		1.2591
0.523	1.532	1.613	1.627	0.517	0.505	2.625	0.506	1.636	1.585		1.2669
0.492	1.489	0.496	1.607	2.524	0.512	0.508	1.612	1.527	0.507		1.1274
0.499	0.51	1.61	3.612	1.613	1.526	3.597	0.476	0.493	0.505		1.4441
0.495	2.616	0.519	2.616	0.506	1.57	1.602	1.498	1.624	1.618		1.4664
1.524	0.492	0.531	2.611	0.506	0.476	0.523	0.518	0.489	0.509		0.8179
1.586	1.613	0.495	0.524	0.552	0.526	0.506	0.506	1.629	0.523		0.846
0.53	0.526	0.504	0.516	2.605	2.618	0.503	0.503	0.477	0.523		0.9305
0.499	1.614	0.497	1.611	0.508	0.514	1.51	0.516	0.519	1.605		0.9393
0.486	0.477	1.517	1.503	1.615	1.502	1.621	1.522	0.477	1.507		1.2227
2.626	0.507	0.497	1.592	0.516	1.607	0.487	0.531	0.539	2.641		1.1543
2.578	0.509	0.497	1.604	0.509	0.499	1.624	0.526	1.515	0.532		1.0393
0.506	0.538	2.621	0.514	1.61	1.517	1.507	1.529	1.607	0.523		1.2472
0.497	1.491	0.489	1.514	1.496	0.494	0.524	1.607	0.526	1.631		1.0269
1.627	0.502	0.502	0.511	0.5	2.623	0.508	1.502	0.495	0.504		0.9274
0.488	2.616	2.621	1.622	0.527	1.603	1.495	0.529	0.513	0.506		1.252
1.51	0.538	0.507	0.507	1.613	2.609	0.494	1.609	0.484	0.53		1.0401
1.611	0.524	0.508	1.619	2.493	1.602	1.606	0.524	1.604	1.522		1.3613
0.489	0.516	0.503	3.613	0.507	2.518	0.516	1.641	1.497	1.595		1.3395
1.508	2.591	1.61	1.582	0.516	0.528	0.523	0.519	0.508	2.608		1.2493
0.514	0.503	0.505	0.492	3.608	0.518	0.502	0.514	1.595	1.599		1.035
1.618	2.598	0.483	0.495	0.522	0.509	0.493	1.638	0.496	1.511		1.0363
1.528	2.617	0.48	0.504	0.505	0.518	0.503	1.495	1.516	2.61		1.2276
1.604	1.601	0.503	2.609	2.617	2.612	1.615	0.518	2.629	1.503		1.7811
1.52	0.512	3.608	0.498	0.543	0.506	1.616	1.59	0.498	1.613		1.2504
0.502	2.625	0.5	1.607	1.61	1.501	1.493	1.539	0.5	0.531		1.2408
1.628	1.608	0.505	1.516	3.616	1.602	1.606	1.609	1.591	3.61		1.8891
0.537	0.523	0.539	1.619	1.631	1.591	1.528	0.486	0.499	0.481		0.9434
1.627	0.493	0.509	0.516	1.609	0.5	0.497	0.504	0.505	1.6		0.836
0.518	0.472	0.514	0.516	0.504	1.507	1.536	1.519	1.601	2.606		1.1293
0.495	2.605	0.587	0.526	1.489	1.502	0.487	0.505	0.495	0.467		0.9158
0.496	1.517	0.475	1.59	0.482	3.627	0.512	0.469	2.598	1.62		1.3386
1.509	0.505	2.517	0.509	0.514	0.494	1.633	1.587	2.484	0.506		1.2258
2.614	0.485	1.611	1.526	1.589	1.644	0.536	0.51	1.643	0.507		1.2665
1.532	0.512	0.509	2.533	0.492	0.507	0.505	1.536	1.537	1.531		1.1194
2.633	1.636	2.595	1.608	0.52	0.5	0.505	1.603	1.603	1.582		1.4785
0.489	1.525	1.603	2.61	0.529	0.522	1.609	1.544	3.621	1.584		1.5636
0.509	0.497	1.61	0.503	0.527	0.509	0.514	1.632	0.492	1.605		0.8398
0.487	0.514	1.589	1.608	1.508	0.486	0.527	3.614	0.527	0.506		1.1366
0.499	0.515	0.502	0.515	1.629	1.608	1.507	2.601	1.616	1.513		1.2505
1.608	1.597	0.484	1.629	1.52	1.504	0.518	2.616	0.518	1.515		1.3509
1.509	1.609	1.513	0.493	0.487	1.507	1.624	0.498	0.509	0.524		1.0273
1.633	2.603	1.505	0.517	3.603	0.512	0.494	0.491	1.527	2.616		1.5501
1.592	1.503	0.516	0.483	0.507	0.502	1.617	0.533	0.496	2.629		1.0378
0.502	0.518	0.496	1.521	1.59	0.496	1.512	0.524	0.513	0.506		0.8178
0.525	2.627	0.492	0.5	1.509	1.597	0.498	2.613	2.624	0.519		1.3504
1.508	1.629	0.5	0.516	0.499	1.489	0.498	1.513	2.63	0.499		1.1281
1.6	0.475	0.607	2.591	0.496	0.531	2.622	1.609	2.597	2.622		1.575
0.502	0.525	2.498	0.501	0.486	0.51	2.647	1.529	0.509	1.613		1.132
1.525	3.616	1.634	2.608	0.525	0.506	0.518	1.513	0.494	1.477		1.4416
2.611	1.606	1.514	2.601	1.587	1.622	2.627	0.519	0.464	1.63		1.6781
0.495	0.521	1.597	0.51	0.497	0.504	2.628	1.642	1.633	1.541		1.1568
0.495	2.597	1.505	1.64	0.493	2.634	0.498	0.503	3.628	1.586		1.5579
0.599	1.606	0.537	1.596	2.58	1.609	0.529	0.511	0.522	0.499		1.0588
1.513	2.629	0.497	1.601	0.512	0.477	0.589	0.502	0.491	0.518		0.9329
1.53	0.531	1.587	1.492	0.496	0.49	0.523	1.515	0.505	1.618		1.0287
0.519	0.491	2.498	0.502	0.53	1.611	1.508	2.636	1.598	0.531		1.2424
1.628	1.612	0.491	1.635	0.519	0.559	0.503	2.601	1.525	0.503		1.1576
0.5	0.505	1.622	0.508	0.496	1.511	1.506	2.592	1.533	1.507		1.228
1.626	0.488	2.519	1.632	0.499	0.514	0.502	0.502	1.605	0.543		1.043
0.511	2.598	0.498	2.525	0.511	0.482	2.603	2.603	0.509	1.59		1.443
0.546	0.503	0.505	2.642	0.471	0.509	1.607	0.518	1.573	1.587		1.0461
0.473	0.505	0.498	0.512	0.486	0.501	1.514	0.482	0.504	1.594		0.7069
0.469	1.604	2.624	1.583	0.501	0.504	2.585	0.503	0.516	0.515		1.1404
0.495	0.489	0.506	0.501	1.618	0.476	2.587	0.508	1.496	0.537		0.9213
1.608	0.516	1.617	0.496	2.616	0.493	2.607	1.588	0.516	1.629		1.3686
0.508	0.53	0.493	0.497	1.538	1.524	1.603	2.617	0.488	0.522		1.032
1.532	0.515	1.622	0.506	0.489	1.623	0.504	2.617	2.62	0.535		1.2563
0.503	2.629	1.521	0.504	1.618	0.516	1.596	0.511	0.524	1.499		1.1421
0.505	0.485	2.613	0.497	0.52	0.532	0.506	0.506	0.496	1.66		0.832
0.467	0.512	3.608	2.611	0.532	1.594	0.493	0.508	1.621	2.577		1.4523
1.607	1.611	2.619	0.5	0.498	0.484	1.525	2.609	0.522	0.512		1.2487
1.621	0.493	1.606	1.503	0.511	0.512	0.516	1.624	2.53	0.521		1.1437
0.478	0.504	0.495	1.602	0.52	2.586	0.51	1.507	0.517	0.514		0.9233
1.501	0.476	1.507	2.617	1.593	0.494	2.607	0.504	1.622	1.508		1.4429
1.598	1.54	0.498	1.502	0.505	0.527	0.5	1.608	0.55	2.602		1.143
0.511	1.604	1.616	1.589	0.517	1.503	0.527	0.495	0.505	2.599		1.1466
0.496	3.631	2.61	2.646	0.496	1.624	0.52	2.51	1.499	1.607		1.7639
2.617	2.616	1.647	2.613	1.533	1.522	1.604	2.634	0.502	0.498		1.7786
1.541	1.508	0.476	2.612	0.51	0.505	0.511	1.652	1.63	1.53		1.2475
0.515	1.61	1.526	0.488	1.643	2.587	0.49	2.592	1.531	0.522		1.3504
2.627	0.506	2.611	2.634	1.517	0.522	1.589	1.597	0.507	0.485		1.4595
0.531	0.512	3.625	1.618	1.59	0.514	0.513	0.502	2.63	0.522		1.2557
2.603	0.478	0.509	1.476	1.573	2.609	0.501	0.524	0.506	0.49		1.1269
0.535	3.617	0.526	0.485	1.484	0.498	0.52	0.507	1.628	0.48		1.028
1.595	1.572	1.629	0.52	0.595	0.47	2.529	0.505	1.614	2.649		1.3678
0.495	1.635	0.499	0.498	0.531	1.63	0.633	0.501	1.524	0.527		0.8473
0.506	2.641	0.505	1.621	1.52	0.496	0.488	0.498	0.502	0.515		0.9292
1.598	1.509	0.535	2.636	1.518	0.481	0.524	1.635	0.511	0.524		1.1471
1.514	0.519	1.482	0.479	0.539	1.592	0.525	0.501	1.617	1.63		1.0398
0.519	2.594	0.483	1.627	1.633	1.5	0.514	0.48	1.646	0.476		1.1472
0.519	0.519	2.603	2.628	0.506	1.596	1.62	0.516	0.517	0.515		1.1539
1.605	0.602	0.508	0.504	1.525	0.496	2.62	0.502	0.495	0.527		0.9384
2.607	0.527	1.632	2.615	1.613	0.485	1.495	1.513	1.562	0.483		1.4532
0.509	0.514	0.512	1.51	2.537	0.499	0.505	0.495	0.524	0.505		0.811
0.491	1.52	1.537	1.609	0.517	0.49	1.619	0.506	0.481	0.536		0.9306
0.496	0.524	0.509	1.603	0.5	2.593	0.509	0.492	1.508	1.598		1.0332
3.615	1.524	2.631	0.517	1.575	2.642	0.526	1.6	0.475	0.513		1.5618
1.497	0.509	2.61	0.508	1.637	1.613	0.522	0.511	0.495	1.507		1.1409
1.625	0.497	1.525	1.604	0.529	0.492	0.5	0.542	0.522	2.595		1.0431
1.604	0.62	0.503	1.534	0.512	0.51	1.492	1.522	0.501	1.6		1.0398
2.593	1.521	0.501	0.502	0.504	1.529	0.495	1.498	0.498	2.604		1.2245
1.505	0.485	1.604	0.507	3.631	0.49	0.5	1.581	1.611	0.5		1.2414
0.509	0.498	0.503	0.486	1.632	1.61	0.501	1.606	0.511	0.508		0.8364
1.503	2.608	1.635	0.503	1.518	0.487	1.603	1.614	1.496	0.511		1.3478
1.6	1.604	0.527	0.52	2.627	1.522	1.606	0.513	0.526	0.478		1.1523
0.512	1.512	1.598	0.507	0.518	1.649	1.516	1.524	2.597	1.53		1.3463
1.614	1.51	0.475	0.512	0.512	0.487	1.632	1.632	2.632	0.507		1.1513
0.531	0.5	1.505	0.485	2.633	0.504	1.509	0.504	1.625	0.538		1.0334
1.606	1.587	1.584	0.518	0.512	1.627	1.628	1.508	0.531	0.489		1.159
1.536	0.536	1.595	0.497	0.615	0.503	1.591	0.508	1.499	0.518		0.9398
1.604	0.505	1.523	2.589	1.479	2.506	0.491	0.496	0.506	1.612		1.3311
1.529	1.5	3.624	0.502	2.598	1.605	0.495	1.597	0.516	2.605		1.6571
0.5	0.513	1.633	1.575	0.493	2.629	1.625	0.507	0.494	0.604		1.0573
2.62	0.52	0.499	0.5	1.623	1.621	0.512	1.621	1.611	0.541		1.1668
0.519	0.537	1.583	1.596	1.522	0.484	0.502	0.494	1.512	0.513		0.9262
0.517	0.509	0.498	0.501	0.609	1.533	0.515	0.509	1.597	0.463		0.7251
2.604	0.506	0.507	0.512	1.555	1.61	3.545	0.54	0.485	1.494		1.3358
0.522	0.517	2.516	1.513	2.625	0.498	2.661	1.633	0.498	1.482		1.4465
0.485	1.528	0.498	0.501	2.616	1.619	3.614	1.602	2.513	0.519		1.5495
1.625	1.589	0.499	0.505	1.601	0.516	0.463	0.513	0.485	2.631		1.0427
1.622	1.525	0.506	1.622	0.55	0.521	0.508	0.498	1.581	0.506		0.9439
1.598	1.605	2.606	0.51	1.608	3.597	0.617	1.508	0.507	0.525		1.4681
1.51	0.523	0.523	0.524	1.494	0.504	0.534	0.488	3.622	0.529		1.0251
0.517	1.631	0.495	1.517	2.615	0.63	0.517	0.475	0.516	0.503		0.9416
1.614	0.504	0.519	0.496	0.493	0.522	2.518	0.514	0.487	1.613		0.928
0.507	2.521	2.605	0.496	2.629	0.503	2.598	0.475	1.583	0.514		1.4431
1.547	2.605	0.495	0.496	0.495	0.522	0.517	2.627	1.628	0.511		1.1443
0.512	0.473	1.606	1.622	1.6	1.496	1.607	0.509	1.49	0.502		1.1417
1.524	0.502	0.492	1.506	1.482	0.474	1.483	0.516	1.601	0.474		1.0054
1.651	0.516	0.51	2.654	0.495	1.502	1.602	0.494	0.481	1.48		1.1385
1.497	1.529	0.497	0.535	0.521	0.523	0.496	2.612	1.594	1.616		1.142
1.615	2.621	1.644	0.486	1.61	1.611	1.519	1.531	1.621	1.57		1.5828
1.526	2.624	0.514	1.612	1.508	0.486	0.513	2.604	0.477	0.493		1.2357
0.491	0.495	0.525	2.508	0.498	0.515	1.637	0.503	0.518	0.514		0.8204
0.503	0.52	0.507	1.601	2.631	1.51	1.486	0.528	3.523	2.53		1.5339
0.511	1.619	0.505	1.59	0.499	0.507	1.608	0.525	0.513	1.648		0.9525
1.629	1.511	1.49	1.597	2.625	3.592	0.508	0.497	0.495	0.516		1.446
1.522	0.559	0.515	1.617	0.511	1.615	1.498	0.513	0.527	1.531		1.0408
0.503	1.601	0.487	1.528	0.507	0.513	0.513	1.595	1.609	0.485		0.9341
0.514	1.583	0.494	2.619	2.624	3.64	1.611	0.495	0.512	0.491		1.4583
1.625	0.493	0.511	1.524	0.498	0.51	0.51	0.504	1.616	0.516		0.8307
1.612	0.521	0.497	0.466	0.5	0.5	1.511	0.519	0.502	0.495		0.7123
0.501	0.503	0.524	1.621	0.523	1.613	0.513	1.503	1.622	0.496		0.9419
2.508	0.492	0.487	0.52	1.624	0.493	0.517	1.608	0.495	0.526		0.927
0.507	0.532	0.529	0.473	0.505	1.607	0.476	1.584	2.505	1.595		1.0313
0.521	2.617	0.606	0.512	0.493	0.485	1.616	0.517	2.622	0.493		1.0482
0.498	0.516	1.512	2.601	0.501	0.496	0.485	1.592	2.618	1.618		1.2437
1.626	1.611	0.521	1.633	1.609	1.616	0.5	0.507	1.607	0.514		1.1744
1.519	0.508	0.516	0.51	1.606	0.493	0.518	1.509	0.526	1.582		0.9287
2.637	0.508	1.505	0.512	0.52	0.521	0.501	1.62	0.495	0.516		0.9335
1.612	0.492	0.501	0.485	0.502	0.529	1.622	2.598	1.624	1.515		1.148
1.575	2.608	0.525	2.513	0.504	1.503	0.504	0.495	1.579	1.63		1.3436
0.506	1.619	1.617	0.498	0.513	0.504	0.506	2.608	0.516	1.52		1.0407
1.599	3.545	0.506	0.502	0.483	1.496	0.505	1.594	1.606	0.521		1.2357
0.502	2.623	0.472	2.633	0.506	1.504	0.501	1.577	2.61	0.508		1.3436
1.587	0.506	2.607	1.623	1.539	0.522	0.538	0.467	1.498	0.504		1.1391
2.513	0.498	1.587	1.523	1.585	1.621	0.524	2.53	1.611	0.518		1.451
0.486	0.508	1.635	0.504	0.504	1.616	1.599	0.508	1.61	1.595		1.0565
1.605	0.483	1.6	0.53	1.54	0.497	0.496	2.604	0.509	0.526		1.039
2.485	0.505	1.516	1.585	0.522	0.517	1.525	0.541	0.485	1.506		1.1187
1.632	1.622	0.494	0.49	0.534	1.524	2.649	2.627	0.538	0.497		1.2607
0.523	1.641	1.498	0.511	1.614	0.491	1.63	2.642	1.608	1.612		1.377
2.621	0.539	0.495	1.529	2.599	1.501	0.522	1.612	0.507	2.611		1.4536
1.528	0.501	0.528	0.514	1.503	2.623	0.504	1.516	2.606	1.541		1.3364
0.51	1.584	1.517	0.492	0.512	0.506	1.495	1.627	0.482	1.62		1.0345
1.622	1.522	1.621	1.617	0.594	0.491	1.624	0.511	0.526	0.504		1.0632
0.504	0.532	0.516	0.526	0.535	0.532	1.63	0.525	1.596	0.499		0.7395
1.51	1.58	0.5	1.539	0.507	1.619	0.491	0.503	1.619	0.503		1.0371
0.541	1.529	0.508	0.491	1.495	1.58	0.507	2.598	1.503	1.609		1.2361
0.514	0.497	1.519	0.521	1.58	1.506	0.51	1.601	1.615	0.525		1.0388
1.604	1.618	0.491	0.533	1.637	1.603	1.531	0.534	0.516	0.5		1.0567
1.509	0.521	0.515	1.616	1.612	0.517	0.484	1.514	0.522	0.527		0.9337
1.604	0.497	1.614	0.517	0.5	2.513	1.529	1.629	0.498	1.511		1.2412
0.522	2.608	1.621	1.58	1.504	0.591	0.494	0.501	0.5	1.578		1.1499
0.506	1.602	1.548	0.481	0.529	0.518	2.606	0.5	1.539	0.503		1.0332
0.508	2.533	3.604	0.528	0.527	1.496	0.521	1.486	0.469	0.507		1.2179
1.517	0.534	1.588	1.588	1.525	0.517	0.502	0.492	0.523	0.486		0.9272
0.519	0.489	1.536	0.522	0.517	0.522	1.633	1.641	1.541	0.517		0.9437
1.609	0.52	1.621	1.519	1.515	1.598	1.51	0.517	0.493	3.603		1.4505
2.614	2.622	1.518	0.494	1.602	0.502	0.506	2.637	1.607	1.477		1.5579
0.519	1.604	1.613	2.614	2.588	1.539	1.6	2.615	1.572	1.607		1.7871
0.491	1.507	1.493	0.493	0.504	0.514	1.513	0.488	0.468	1.572		0.9043
2.595	0.506	0.498	2.609	1.516	1.614	1.618	0.49	0.492	1.515		1.3453
0.61	3.613	1.519	0.503	0.521	0.515	0.509	0.539	2.516	2.597		1.3442
0.492	0.481	1.634	1.622	1.609	2.582	0.528	0.51	1.626	0.509		1.1593
1.529	1.583	1.503	1.593	2.543	0.522	1.52	0.506	0.544	0.497		1.234
0.474	1.616	1.612	0.515	1.521	1.597	0.497	1.603	0.499	0.525		1.0459
1.602	2.606	0.514	1.525	0.505	2.556	1.522	0.493	1.503	0.491		1.3317
0.494	1.614	0.519	0.505	0.499	0.522	0.504	1.612	1.619	1.607		0.9495
1.522	0.487	0.535	2.61	0.511	0.513	1.541	0.526	0.503	2.607		1.1355
0.508	0.519	0.5	1.602	0.61	2.615	0.536	0.524	0.515	0.498		0.8427
0.486	0.494	2.613	1.593	1.536	0.496	0.505	1.513	2.605	2.51		1.4351
0.524	2.508	0.521	0.511	1.577	0.493	1.633	2.613	0.538	1.609		1.2527
0.483	2.621	0.511	0.499	0.503	1.617	2.618	1.62	0.506	0.501		1.1479
1.628	1.6	0.488	1.504	1.525	0.504	1.631	2.628	0.5	0.495		1.2503
0.515	2.507	0.519	1.593	1.518	2.622	1.523	1.613	0.522	2.614		1.5546
1.504	0.485	0.498	0.505	1.62	1.58	0.503	0.506	0.509	1.488		0.9198
0.498	0.504	0.507	0.51	0.508	0.533	0.506	0.504	0.506	2.623		0.7199
0.505	0.522	0.521	2.633	1.523	0.521	2.635	1.527	0.484	0.51		1.1381
0.516	0.608	0.506	0.49	0.492	0.514	0.464	0.484	0.53	2.604		0.7208
2.603	0.512	1.594	0.527	1.617	1.526	2.618	1.584	1.615	1.601		1.5797
1.622	0.515	1.611	0.514	1.605	0.514	3.628	0.495	1.598	0.472		1.2574
0.514	1.511	1.618	2.632	0.53	1.606	0.527	1.525	0.504	1.503		1.247
2.588	0.49	2.589	1.623	1.511	0.506	2.604	0.511	1.605	2.594		1.6621
2.621	0.521	2.613	2.516	0.481	0.519	2.62	0.478	0.506	0.494		1.3369
0.511	0.501	0.521	0.51	1.61	0.529	1.525	0.531	0.485	0.502		0.7225
2.619	1.625	2.616	0.605	1.635	0.51	0.479	0.509	1.624	1.605		1.3827
0.518	2.603	0.634	1.49	0.513	1.608	0.507	0.516	0.528	1.492		1.0409
0.5	0.498	2.531	0.51	1.487	1.504	0.504	0.503	0.508	2.605		1.115
2.617	0.509	0.506	0.514	0.503	0.51	0.601	0.503	1.513	0.529		0.8305
1.611	0.504	0.492	1.52	0.517	1.537	0.522	0.505	0.499	1.632		0.9339
1.639	1.601	0.482	1.508	1.596	1.609	0.507	0.508	0.517	0.489		1.0456
1.614	0.498	0.512	1.598	1.619	1.578	1.523	1.613	2.586	2.599		1.574
2.596	1.617	0.468	0.528	0.503	0.481	0.5	1.521	0.551	1.633		1.0398
1.609	0.52	1.61	2.634	0.483	3.62	1.502	2.63	0.498	1.497		1.6603
0.505	1.513	1.619	1.528	1.543	1.658	0.492	1.501	1.525	0.51		1.2394
0.507	0.501	2.517	0.505	0.483	1.515	0.484	0.519	2.653	2.615		1.2299
2.623	0.501	0.49	1.641	1.613	3.631	1.609	0.536	1.644	1.612		1.59
2.63	0.538	1.612	0.53	0.476	0.499	0.518	1.608	1.634	1.519		1.1564
0.51	2.584	1.52	2.624	0.532	1.599	1.616	3.629	1.514	2.6		1.8728
1.603	0.507	0.489	1.623	1.531	1.526	1.52	1.592	0.531	0.515		1.1437
0.502	0.491	1.495	1.525	0.538	0.541	1.628	0.489	0.512	1.497		0.9218
1.606	1.624	1.591	0.499	0.517	0.515	0.508	0.529	0.487	0.521		0.8397
1.515	0.5	1.504	0.501	0.536	1.597	1.523	0.499	0.507	2.611		1.1293
1.589	0.481	0.523	0.62	1.604	0.513	0.534	1.517	2.633	2.635		1.2649
1.487	0.495	0.488	0.498	1.638	0.491	0.521	0.47	0.521	0.505		0.7114
0.511	0.521	1.6	0.534	0.507	1.506	0.604	0.509	0.497	1.6		0.8389
0.495	0.518	1.534	1.54	0.504	1.6	0.508	0.486	1.527	0.486		0.9198
0.522	0.507	0.518	1.512	1.6	2.617	1.529	1.619	1.602	1.498		1.3524
1.602	0.516	0.483	1.628	0.501	0.509	1.632	1.595	1.528	2.617		1.2611
0.517	1.521	1.619	1.52	2.529	1.51	1.612	1.523	0.525	0.515		1.3391
0.497	2.6	1.643	1.61	0.491	1.587	1.608	1.608	0.481	2.599		1.4724
0.482	0.51	0.498	0.513	0.597	0.498	1.526	0.494	0.504	0.506		0.6128
1.506	1.6	1.518	0.5	0.501	0.488	1.571	0.52	0.519	1.535		1.0258
2.662	0.541	0.472	1.601	0.509	1.505	0.526	2.586	2.615	1.635		1.4652
1.618	0.508	0.539	0.487	0.496	0.524	0.472	2.609	0.489	0.521		0.8263
0.514	0.512	0.493	0.518	0.509	0.495	0.523	0.502	0.513	0.505		0.5084
1.613	1.611	0.512	0.515	0.511	1.595	1.605	0.545	1.62	2.496		1.2623
1.489	0.502	0.505	0.529	0.521	1.506	1.477	1.612	0.51	0.495		0.9146
0.533	0.524	1.612	1.51	0.502	0.481	1.577	0.529	1.602	2.616		1.1486
2.636	0.51	1.6	0.509	1.537	1.585	1.501	1.613	0.5	0.52		1.2511
1.605	0.546	0.519	1.618	1.602	0.489	2.627	1.512	0.517	0.499		1.1534
0.494	0.511	0.543	1.604	0.518	2.525	0.492	0.515	1.51	0.513		0.9225
1.599	2.63	3.625	1.476	1.508	0.509	1.508	1.604	0.606	1.52		1.6585
2.626	0.499	2.592	2.602	0.509	0.512	0.51	0.54	1.517	1.588		1.3495
1.488	1.631	0.486	0.522	0.542	0.507	0.527	2.514	1.532	0.486		1.0235
0.486	0.482	2.612	0.503	0.493	1.617	1.605	1.61	2.597	2.514		1.4519
1.603	2.597	1.619	1.607	0.523	1.622	2.591	1.514	2.609	0.492		1.6777
0.531	1.613	1.495	0.49	0.505	0.523	1.593	0.616	1.615	0.508		0.9489
0.514	0.508	1.586	1.52	2.617	2.631	2.61	0.527	0.485	2.629		1.5627
0.537	0.507	0.543	2.629	1.632	1.585	0.51	1.499	1.617	0.503		1.1562
0.501	1.577	2.605	0.465	0.51	0.502	1.605	1.587	1.5	0.495		1.1347
0.515	0.51	0.52	0.514	1.604	1.513	2.615	0.528	2.598	1.611		1.2528
0.506	1.504	1.601	0.498	0.504	1.583	0.526	1.534	2.63	0.494		1.138
1.504	0.494	1.528	1.608	1.521	0.517	0.496	0.531	1.5	0.533		1.0232
2.646	0.485	2.637	1.498	0.516	1.508	1.625	0.61	1.582	0.494		1.3601
0.503	0.601	0.508	1.633	0.481	0.505	0.534	0.529	0.502	1.626		0.7422
0.522	1.486	0.487	0.515	0.526	0.513	0.501	1.502	2.599	0.493		0.9144
0.498	1.599	0.505	2.603	1.595	3.613	1.528	1.523	1.502	0.511		1.5477
0.505	1.624	1.607	2.6	0.517	0.519	0.507	0.532	0.519	1.537		1.0467
1.63	0.501	0.501	0.536	0.504	1.605	0.525	0.489	0.595	0.48		0.7366
0.477	1.63	1.488	1.599	1.615	0.504	0.503	1.603	0.494	0.501		1.0414
1.501	0.482	1.6	1.651	3.512	0.52	1.649	1.496	1.511	1.61		1.5532
0.51	0.492	2.629	1.622	0.509	1.521	0.526	1.612	0.497	0.516		1.0434
1.598	1.492	1.575	0.493	0.603	1.617	0.518	0.515	1.508	0.47		1.0389
0.491	0.493	0.509	0.495	1.524	0.523	2.498	0.5	0.523	0.509		0.8065
0.519	0.509	2.493	2.614	0.532	1.501	1.615	0.484	1.614	0.507		1.2388
1.561	2.59	1.595	1.588	0.522	0.477	1.509	1.588	0.506	1.508		1.3444
0.508	1.608	3.617	0.519	0.542	1.612	0.519	0.51	0.513	2.632		1.258
2.588	0.52	1.628	0.496	1.62	1.619	2.593	1.527	0.496	1.576		1.4663
0.498	0.538	1.512	1.508	0.512	0.471	0.507	2.626	1.58	0.509		1.0261
0.541	0.497	0.502	2.525	0.533	2.528	2.588	0.535	0.51	0.508		1.1267
0.489	1.579	1.607	0.514	1.588	0.511	2.626	0.605	3.625	2.62		1.5764
0.498	0.505	0.498	0.541	0.52	0.528	0.505	0.487	0.505	2.617		0.7204
1.528	1.495	0.497	1.62	0.52	1.588	2.604	0.51	1.596	0.522		1.248
1.608	0.491	1.61	0.483	0.503	2.544	1.612	0.491	0.51	0.534		1.0386
2.519	0.511	1.494	0.502	1.527	1.605	0.503	2.513	1.492	0.518		1.3184
1.621	1.506	1.633	0.491	0.497	1.498	1.531	2.622	0.497	0.503		1.2399
1.495	0.504	0.522	1.493	1.607	1.492	0.505	0.503	0.475	0.499		0.9095
1.624	1.61	1.588	0.597	0.533	0.503	0.507	0.491	2.623	2.619		1.2695
0.539	0.502	0.507	0.532	0.514	1.592	0.522	0.542	1.609	0.52		0.7379
2.592	1.528	1.51	0.514	0.5	0.503	0.518	1.604	2.601	0.492		1.2362
0.606	0.492	0.486	0.529	2.617	1.613	0.504	0.522	0.508	1.612		0.9489
1.515	0.501	1.612	1.501	0.504	0.505	0.561	0.502	0.49	1.628		0.9319
0.532	0.49	0.537	1.493	0.526	2.627	1.595	0.506	1.625	1.524		1.1455
0.527	0.495	1.632	3.625	0.516	2.628	1.622	1.627	2.518	0.481		1.5671
0.516	0.498	1.612	0.49	1.646	1.587	0.536	2.62	1.605	1.606		1.2716
2.525	0.5	0.514	0.524	0.487	1.522	1.513	1.612	0.488	0.504		1.0189
1.609	0.503	2.585	2.624	0.522	1.605	1.596	1.516	3.645	2.596		1.8801
1.605	1.593	0.489	1.625	0.503	1.611	0.504	1.616	1.616	0.536		1.1698
1.617	1.593	1.513	0.495	0.519	1.59	1.611	1.523	0.506	1.589		1.2556
1.512	3.602	0.506	1.513	0.509	0.476	1.503	0.493	2.622	0.507		1.3243
1.599	0.491	2.599	0.512	2.631	0.514	0.515	0.485	2.628	1.649		1.3623
1.521	0.517	2.604	0.497	1.602	0.509	1.553	0.516	0.506	0.487		1.0312
0.489	1.605	1.593	0.491	1.511	2.637	1.641	1.605	0.519	1.527		1.3618
0.522	0.519	0.526	0.512	0.484	1.627	1.519	0.49	0.53	0.501		0.723
0.508	0.524	2.507	1.606	0.489	1.621	0.51	0.482	2.638	1.619		1.2504
0.491	1.518	1.597	0.508	1.511	0.516	1.603	1.602	0.52	0.547		1.0413
1.618	1.532	0.498	2.5	0.502	1.497	1.618	0.47	1.625	0.531		1.2391
2.535	0.527	1.597	1.614	0.493	0.513	1.49	1.513	0.498	0.49		1.127
0.494	0.493	0.52	2.503	0.489	0.487	0.52	1.586	1.587	1.627		1.0306
1.604	1.627	0.521	0.493	0.516	0.522	0.539	0.482	2.63	1.608		1.0542
0.528	1.597	1.619	1.618	0.515	0.5	1.587	1.525	1.617	0.529		1.1635
0.508	0.516	0.53	2.624	0.516	0.519	0.496	0.515	1.514	1.493		0.9231
0.513	0.512	2.518	0.543	0.507	0.499	2.538	2.629	1.602	0.49		1.2351
0.484	0.516	2.613	0.513	2.595	0.482	2.584	0.482	0.527	1.625		1.2421
0.484	1.633	0.53	0.509	1.513	1.609	1.61	1.647	0.505	1.632		1.1672
1.623	0.488	1.609	2.599	1.604	3.619	0.508	0.493	0.475	0.49		1.3508
0.532	1.518	2.629	1.61	1.518	1.598	1.609	1.603	1.626	0.49		1.4733
1.521	1.52	1.599	2.573	0.478	1.501	0.53	0.493	0.492	1.516		1.2223
1.605	0.517	0.513	2.619	0.504	0.535	1.523	0.518	0.517	1.62		1.0471
2.62	1.614	0.526	0.509	0.492	1.611	0.504	0.526	1.6	1.491		1.1493
0.513	0.511	2.629	0.506	0.499	0.504	0.495	0.498	1.626	0.513		0.8294
1.6	0.52	2.605	0.528	1.611	0.508	0.5	1.517	0.495	0.497		1.0381
2.528	1.59	0.497	0.496	0.512	1.498	1.502	1.593	0.515	0.503		1.1234
0.521	0.511	0.482	1.631	1.506	1.598	1.584	1.517	0.516	0.522		1.0388
0.504	1.506	0.503	1.484	1.6	0.506	1.61	0.49	0.512	1.618		1.0333
0.471	2.581	1.574	1.615	1.504	0.527	0.485	0.496	2.625	1.509		1.3387
0.542	1.643	0.489	0.49	0.516	1.586	1.626	0.504	0.52	1.517		0.9433
0.502	1.516	2.613	2.642	0.493	2.496	1.48	0.503	0.544	1.611		1.44
0.532	0.485	1.615	0.516	1.629	1.603	0.543	2.498	1.622	1.497		1.254
0.5	0.527	1.488	0.528	0.53	1.623	0.492	0.501	1.512	0.527		0.8228
1.617	0.502	2.613	1.484	0.522	1.634	0.522	0.487	1.586	3.621		1.4588
1.61	0.504	1.617	0.605	1.628	1.501	0.51	1.617	1.646	1.617		1.2855
0.535	1.579	0.512	0.517	1.51	0.514	0.502	0.531	0.517	0.512		0.7229
0.499	0.494	1.59	0.517	1.636	2.627	0.511	0.526	1.611	2.601		1.2612
0.523	1.591	2.641	1.524	1.609	2.617	0.492	0.515	2.533	0.494		1.4539
0.498	0.513	1.623	0.486	1.621	0.52	0.498	0.47	0.478	1.621		0.8328
1.501	2.619	0.509	1.593	0.511	2.612	1.595	1.523	0.501	0.513		1.3477
0.5	0.507	1.522	2.6	1.499	0.519	0.498	0.515	2.612	1.594		1.2366
0.533	0.537	2.601	0.516	2.612	2.586	0.518	1.517	0.526	0.519		1.2465
0.5	0.524	0.524	2.614	1.641	0.512	0.501	0.523	3.631	1.503		1.2473
2.617	0.513	0.521	0.509	0.515	1.586	1.518	1.615	0.592	0.501		1.0487
1.596	1.649	0.496	0.5	0.516	0.504	1.623	1.489	0.517	0.522		0.9412
0.502	2.496	1.594	0.531	0.512	0.472	1.613	1.623	1.554	1.591		1.2488
0.506	1.58	0.498	1.617	0.501	0.5	0.525	1.632	1.597	1.62		1.0576
1.515	1.522	1.489	1.634	0.515	0.535	2.611	0.496	1.503	1.505		1.3325
1.62	1.515	0.487	1.508	1.526	0.482	0.488	2.62	0.526	1.633		1.2405
0.477	1.63	1.611	1.507	0.535	1.502	1.62	0.509	1.522	1.49		1.2403
2.605	1.495	0.499	1.609	1.592	1.507	1.603	0.519	0.505	0.508		1.2442
0.496	0.508	0.511	0.512	0.53	0.52	1.624	1.599	1.626	1.603		0.9529
0.607	0.508	2.61	0.492	0.497	0.51	0.516	0.497	1.503	1.597		0.9337
0.512	2.606	0.522	0.519	0.491	0.504	1.515	1.616	1.483	1.592		1.136
1.483	0.535	2.641	1.6	0.533	0.504	1.624	0.488	0.509	1.536		1.1453
0.493	0.52	1.62	0.502	0.49	0.518	2.646	2.51	0.488	0.501		1.0288
0.496	0.49	0.523	1.612	0.499	1.597	1.597	2.624	1.51	2.596		1.3544
0.53	0.501	1.511	0.532	0.53	0.507	1.609	1.606	0.593	2.636		1.0555
1.593	1.601	0.498	1.586	0.498	2.608	1.507	0.523	0.521	2.658		1.3593
3.629	0.508	1.515	1.494	0.498	0.503	1.534	1.513	0.506	0.493		1.2193
0.489	0.496	0.514	2.649	0.489	2.644	0.518	0.512	1.503	2.627		1.2441
0.506	1.488	0.596	0.499	0.517	0.514	1.619	0.488	1.515	2.637		1.0379
1.614	2.584	0.512	0.497	1.604	1.637	2.624	0.513	0.53	0.516		1.2631
1.595	0.499	0.511	2.601	1.494	0.511	1.61	0.501	0.527	0.504		1.0353
1.514	0.524	0.498	0.552	0.503	1.504	3.632	0.532	1.597	0.534		1.139
0.605	0.505	0.494	0.528	1.624	1.609	0.503	1.602	0.517	0.507		0.8494
0.496	0.517	0.506	2.585	0.485	1.511	1.621	1.605	1.63	2.634		1.359
2.52	1.596	0.486	2.608	0.532	1.491	0.513	0.515	0.517	1.612		1.239
1.604	1.508	1.515	0.521	1.6	2.604	0.516	0.514	2.521	1.618		1.4521
0.528	1.605	1.599	0.505	0.518	0.507	0.53	2.594	1.584	1.603		1.1573
0.519	1.52	0.497	0.522	0.546	0.52	0.509	0.509	1.606	0.506		0.7254
1.589	1.614	2.619	1.633	0.483	1.625	0.517	2.632	1.502	1.505		1.5719
1.526	0.501	1.637	0.512	1.531	0.502	1.512	1.615	0.518	0.512		1.0366
2.632	3.611	1.502	2.634	0.487	1.626	0.525	0.527	3.614	0.495		1.7653
0.488	1.606	2.499	0.507	0.483	1.522	2.594	0.479	0.53	1.605		1.2313
0.496	0.512	0.511	0.497	1.489	1.644	2.602	1.498	2.568	0.513		1.233
1.618	0.511	1.606	1.619	1.591	4.635	0.493	0.529	0.524	1.589		1.4715
1.496	0.494	1.628	0.514	0.513	2.613	1.507	0.503	0.503	1.58		1.1351
1.583	1.6	1.535	2.505	0.507	0.505	2.629	0.501	1.612	0.509		1.3486
1.487	1.595	0.519	1.631	0.507	2.598	0.5	2.631	1.629	1.512		1.4609
0.518	1.525	1.606	0.531	0.514	0.509	0.511	0.484	1.609	0.515		0.8322
1.605	2.498	2.622	0.518	1.594	1.608	0.514	1.603	0.51	0.508		1.358
1.543	1.626	1.579	0.533	0.51	0.491	0.511	1.503	0.478	0.519		0.9293
1.515	0.528	0.501	0.528	1.498	1.597	1.61	1.616	0.522	0.53		1.0445
0.532	1.515	1.597	1.62	0.492	0.489	0.485	0.526	1.534	0.541		0.9331
0.497	0.588	0.522	1.523	1.533	1.499	1.504	2.604	1.584	1.626		1.348
1.606	0.524	1.506	0.508	2.608	1.602	0.521	0.519	0.517	0.506		1.0417
0.507	0.483	0.487	0.516	0.494	0.495	1.624	2.618	0.5	1.529		0.9253
0.498	0.496	0.503	0.519	1.509	0.5	1.503	0.501	0.497	0.499		0.7025
0.515	0.508	1.478	0.503	1.609	0.467	2.615	1.59	0.518	0.51		1.0313
0.474	0.516	0.495	1.603	1.507	1.516	0.516	0.532	0.525	1.606		0.929
0.502	0.496	0.504	1.624	0.498	0.502	2.634	0.509	0.492	0.529		0.829
0.52	1.491	0.525	2.498	0.509	0.498	2.606	0.514	0.516	0.532		1.0209
2.615	1.6	1.599	0.501	0.514	1.524	0.505	0.513	2.634	0.516		1.2521
2.623	2.614	1.497	2.636	1.47	0.52	1.597	0.518	0.498	1.599		1.5572
2.599	0.513	0.507	0.5	0.527	1.595	0.51	0.535	0.495	1.514		0.9295
3.637	0.499	0.605	0.501	0.504	0.516	0.526	1.526	1.593	0.487		1.0394
1.632	0.518	1.52	2.601	1.626	0.511	0.49	0.501	1.59	0.529		1.1518
0.483	1.621	0.517	1.628	0.543	0.494	0.514	0.516	1.605	0.509		0.843
1.509	0.515	2.541	0.496	1.59	1.49	0.505	1.599	0.53	0.518		1.1293
1.612	1.514	0.522	1.507	0.506	1.605	1.49	0.518	0.507	0.5		1.0281
2.599	1.622	0.539	0.514	1.477	0.495	2.613	0.518	0.494	0.491		1.1362
2.618	2.652	1.616	0.48	0.53	1.597	0.498	0.501	0.52	1.638		1.265
0.513	1.511	1.583	1.598	0.507	2.625	1.609	0.5	0.512	1.524		1.2482
1.602	1.59	1.527	0.515	0.499	1.595	1.617	1.516	1.504	1.619		1.3584
2.494	0.477	2.612	1.525	0.49	1.522	0.491	0.503	1.51	0.503		1.2127
0.487	1.488	0.512	1.618	2.609	1.611	0.501	0.464	0.596	0.536		1.0422
3.629	0.504	0.487	0.518	0.516	1.614	1.511	0.52	3.516	0.472		1.3287
1.502	0.476	0.522	1.516	1.504	1.611	0.48	2.607	0.486	1.61		1.2314
0.582	0.513	0.468	2.639	0.475	2.62	1.6	0.505	2.613	0.517		1.2532
0.511	0.608	0.491	0.501	0.498	0.501	0.491	1.615	1.604	1.538		0.8358
0.506	2.497	0.494	0.498	2.622	1.61	2.606	1.493	2.511	1.631		1.6468
1.52	2.612	0.513	0.52	2.629	0.496	1.613	0.512	0.619	0.539		1.1573
2.627	2.602	0.525	1.636	0.478	0.511	0.513	0.504	0.497	1.501		1.1394
0.531	1.604	1.584	1.519	1.511	0.494	0.485	2.623	0.502	1.627		1.248
1.571	1.504	1.607	0.499	1.622	1.555	1.533	0.477	0.493	1.521		1.2382
0.523	1.605	1.594	0.533	0.486	2.594	1.612	1.605	1.636	0.507		1.2695
1.645	1.633	0.507	0.523	2.606	2.608	0.526	0.512	0.496	1.504		1.256
1.538	0.524	1.52	1.504	0.505	0.525	0.495	0.511	1.505	1.639		1.0266
1.574	0.522	0.526	0.496	0.527	0.498	0.515	1.533	0.504	1.624		0.8319
1.603	3.603	1.597	2.612	0.514	0.495	2.621	1.498	0.511	0.487		1.5541
0.483	1.602	0.51	1.597	1.516	0.517	1.593	1.62	0.505	0.525		1.0468
3.632	1.484	0.468	0.511	0.489	0.504	0.499	0.505	0.513	0.493		0.9098
2.628	0.508	1.541	0.517	1.596	1.491	1.624	0.485	0.489	0.517		1.1396
1.629	0.509	1.618	2.61	2.498	2.616	1.502	0.521	2.626	1.589		1.7718
0.522	2.601	0.485	1.507	0.513	0.492	0.522	0.531	1.623	0.511		0.9307
0.494	1.591	2.604	0.508	0.517	1.607	1.506	1.515	1.611	0.5		1.2453
1.648	0.533	0.517	0.502	1.623	2.617	1.658	1.519	1.524	1.517		1.3658
0.497	0.505	1.608	1.633	0.532	0.495	0.521	3.62	0.506	2.604		1.2521
0.514	3.637	1.538	0.524	0.476	1.607	0.513	0.497	2.62	1.577		1.3503
0.525	1.601	0.512	0.513	0.492	0.518	0.512	0.524	1.594	0.517		0.7308
0.478	1.516	0.519	1.594	0.53	0.498	1.595	1.637	1.491	2.517		1.2375
1.541	3.61	1.531	1.607	2.62	0.489	2.514	0.501	1.619	2.618		1.865
1.593	1.646	1.613	0.496	1.607	1.599	2.622	0.518	0.502	0.491		1.2687
0.495	1.532	1.496	0.504	2.523	0.535	0.516	0.526	1.602	1.602		1.1331
1.581	0.484	1.61	0.506	0.591	1.641	1.606	2.605	0.48	0.521		1.1625
0.506	0.518	0.513	0.486	1.519	0.514	1.602	3.633	0.506	1.479		1.1276
1.506	2.615	0.51	1.643	1.599	1.618	0.514	0.505	2.604	1.592		1.4706
2.632	0.535	2.595	0.513	0.494	0.519	2.625	0.501	0.486	0.491		1.1391
0.51	1.62	0.497	0.497	1.606	2.513	0.482	1.602	0.496	1.506		1.1329
0.526	1.526	2.61	2.616	1.519	1.519	0.507	2.589	0.5	0.486		1.4398
0.507	0.519	0.498	1.637	0.503	0.508	0.495	1.614	0.524	1.606		0.8411
1.506	0.51	0.506	0.499	0.527	1.634	0.527	0.535	0.502	0.509		0.7255
1.618	0.513	1.599	2.644	1.648	0.5	0.588	0.529	0.507	1.613		1.1759
1.598	0.606	0.489	1.597	3.646	3.633	2.554	0.505	0.606	0.53		1.5764
0.512	1.519	0.526	1.616	2.621	1.501	0.493	2.506	1.511	1.495		1.43
1.514	0.51	2.519	0.517	1.653	2.631	0.531	0.499	2.492	0.528		1.3394
1.608	0.509	2.632	0.527	1.604	2.531	0.484	0.493	1.524	0.612		1.2524
0.524	0.512	0.501	1.52	1.531	1.635	2.624	1.611	1.598	0.535		1.2591
3.597	0.506	1.599	2.598	0.503	0.508	0.529	0.518	0.518	0.524		1.14
1.623	1.505	0.509	2.627	0.623	1.471	1.627	3.633	1.604	1.516		1.6738
0.507	0.513	1.616	1.603	2.549	2.607	0.494	1.516	0.505	1.639		1.3549
0.509	1.598	0.489	0.533	0.513	0.53	1.528	0.624	0.51	1.621		0.8455
0.507	1.61	1.503	0.513	0.529	1.595	0.5	0.513	0.519	0.501		0.829
0.518	0.513	0.486	1.494	0.524	1.597	0.508	0.52	1.526	3.598		1.1284
1.624	1.582	1.602	2.606	1.619	1.512	0.5	0.507	1.601	1.606		1.4759
1.612	0.506	1.51	1.612	2.53	0.48	0.512	0.52	1.606	1.495		1.2383
0.506	0.546	1.6	1.604	1.603	0.506	0.501	0.528	0.544	1.584		0.9522
2.494	0.496	0.493	0.504	1.503	0.598	0.507	0.511	1.52	0.537		0.9163
1.605	0.494	1.614	1.6	2.616	1.523	0.53	0.496	1.612	2.613		1.4703
1.603	0.498	1.534	0.475	1.618	2.605	2.62	1.544	1.571	0.484		1.4552
0.499	0.491	0.498	0.496	1.619	0.527	1.623	1.611	2.625	1.495		1.1484
0.539	0.523	0.502	0.518	1.626	2.631	1.539	0.48	1.607	1.6		1.1565
0.527	1.595	0.53	1.577	0.534	1.616	1.618	1.524	0.506	0.484		1.0511
1.624	1.521	0.496	1.584	1.49	1.513	1.5	1.603	0.509	1.59		1.343
0.506	0.505	0.489	0.51	0.505	1.607	0.554	2.522	2.633	1.508		1.1339
1.618	2.607	1.642	0.49	1.62	0.496	0.51	1.609	1.589	0.499		1.268
0.496	1.61	0.486	1.512	1.613	0.502	0.505	1.616	2.518	3.609		1.4467
0.502	0.472	0.517	0.507	0.528	2.518	0.507	1.513	0.505	0.51		0.8079
1.521	1.61	1.493	0.487	2.612	3.611	0.495	0.514	1.636	0.525		1.4504
1.602	2.619	0.535	1.6	0.49	0.502	0.516	0.522	1.6	1.611		1.1597
0.514	1.615	2.623	0.491	0.518	0.531	1.59	1.597	1.512	0.51		1.1501
0.532	2.536	0.515	0.51	1.61	0.489	2.605	0.512	0.511	0.489		1.0309
1.523	0.61	0.518	1.608	1.51	1.612	0.498	0.515	2.614	0.517		1.1525
1.615	1.492	0.51	0.508	2.609	1.503	0.517	0.513	1.602	2.626		1.3495
1.487	0.51	1.596	0.508	2.597	0.491	0.523	0.527	1.501	0.522		1.0262
1.614	0.519	0.518	1.507	2.591	0.54	1.624	0.491	1.61	0.535		1.1549
1.605	0.518	1.508	1.61	1.615	1.595	0.507	1.614	0.482	0.51		1.1564
0.517	0.493	1.595	0.502	0.511	1.537	2.617	1.527	0.515	1.519		1.1333
1.507	0.512	2.634	0.522	1.512	0.518	0.498	2.598	0.514	0.491		1.1306
0.482	1.525	0.508	2.602	0.511	2.635	3.632	1.605	0.527	0.533		1.456
0.495	0.522	1.507	1.474	0.491	0.507	1.63	1.622	0.535	0.502		0.9285
0.496	1.6	0.519	1.638	0.5	0.493	1.584	2.619	1.608	0.524		1.1581
0.492	1.6	0.619	0.477	0.517	1.605	1.585	0.512	1.537	1.608		1.0552
0.523	0.549	0.51	1.517	0.493	1.485	0.503	1.506	2.639	1.627		1.1352
1.507	2.631	1.54	0.511	0.514	0.51	0.485	1.603	1.581	1.496		1.2378
0.499	1.585	1.498	1.621	0.511	0.509	0.542	0.503	0.514	0.504		0.8286
1.627	0.524	1.597	1.519	0.509	0.494	2.622	1.616	0.509	0.503		1.152
0.505	0.492	1.623	1.619	2.635	0.522	1.619	0.489	1.504	1.612		1.262
0.501	0.51	0.489	0.502	1.604	1.605	1.498	0.522	0.502	1.538		0.9271
0.493	1.509	3.632	0.506	0.49	2.485	0.528	0.501	0.52	1.524		1.2188
0.496	1.51	0.517	0.481	0.53	1.602	1.588	1.596	0.499	0.518		0.9337
2.531	1.609	0.504	0.499	0.526	0.532	0.507	2.517	0.489	0.509		1.0223
1.614	1.593	0.476	1.604	0.498	0.508	1.495	0.513	0.503	1.613		1.0417
0.497	1.483	0.516	0.493	0.516	1.53	0.505	1.602	0.506	0.482		0.813
0.494	1.521	2.615	2.521	0.501	0.514	3.611	0.499	0.485	0.511		1.3272
1.512	0.518	1.615	0.495	0.511	0.506	0.503	1.619	1.623	0.522		0.9424
1.601	1.609	0.502	1.595	0.486	1.622	0.492	1.617	1.582	1.61		1.2716
0.517	0.512	0.489	0.504	1.601	0.507	1.588	0.508	1.515	1.528		0.9269
0.519	0.505	0.549	1.512	2.589	2.521	0.49	0.468	0.521	0.513		1.0187
0.496	1.582	0.487	1.597	0.505	2.621	2.578	1.521	1.612	1.631		1.463
0.53	0.512	1.603	0.492	1.599	0.526	2.597	0.499	0.498	1.509		1.0365
0.509	0.487	1.515	0.49	2.512	1.607	1.503	0.485	1.613	1.528		1.2249
0.514	0.48	0.502	0.517	0.495	1.536	0.518	0.52	0.507	1.603		0.7192
1.524	0.53	1.622	1.499	0.513	3.655	0.503	1.601	0.523	0.501		1.2471
1.598	1.52	1.512	0.51	0.502	1.602	1.604	0.526	0.533	1.601		1.1508
0.513	0.523	0.497	0.515	1.609	1.585	1.544	1.638	1.515	0.513		1.0452
1.49	1.589	0.509	2.641	2.529	0.5	1.601	0.507	1.601	1.61		1.4577
1.641	0.532	0.506	0.506	1.615	1.522	0.517	0.496	2.595	1.531		1.1461
2.621	2.626	1.63	1.598	0.518	0.489	0.506	2.504	0.518	0.514		1.3524
0.508	1.603	0.532	2.615	3.625	1.585	0.502	2.606	0.508	0.528		1.4612
0.502	0.498	1.645	0.504	0.511	1.606	1.628	1.602	0.49	0.611		0.9597
2.626	0.499	0.512	1.612	2.603	1.499	1.499	0.507	0.501	1.529		1.3387
0.5	2.539	0.5	0.506	0.501	0.483	0.511	1.515	1.6	1.593		1.0248
1.53	0.526	1.529	2.617	0.502	1.591	1.613	1.505	2.589	0.494		1.4496
0.512	0.489	0.502	1.606	1.611	0.505	1.511	1.615	0.521	0.511		0.9383
0.526	0.508	0.503	1.633	1.519	1.519	0.516	0.519	1.491	1.612		1.0346
1.617	0.529	1.606	1.52	1.615	2.632	2.637	1.622	1.624	0.5		1.5902
2.629	2.6	0.512	2.62	1.608	0.525	0.49	1.507	0.538	0.5		1.3529
1.523	0.507	2.62	1.596	0.512	0.507	0.514	1.612	0.483	1.511		1.1385
0.527	1.597	0.516	0.533	1.534	1.581	1.611	2.499	0.475	2.588		1.3461
0.525	0.529	1.614	0.498	0.483	1.485	0.481	1.619	1.625	0.507		0.9366
0.505	0.506	1.61	0.509	0.545	2.595	0.493	1.602	1.515	0.511		1.0391
0.497	0.494	1.606	0.511	1.6	2.612	0.505	0.506	0.491	2.618		1.144
2.605	2.622	0.507	0.535	0.53	0.517	1.5	0.48	0.532	0.472		1.03
1.609	2.631	1.529	0.509	2.529	1.609	0.517	0.506	1.498	0.498		1.3435
0.525	0.463	0.529	0.514	0.509	0.486	1.621	0.514	0.511	0.482		0.6154
1.503	0.515	2.612	2.584	1.613	0.513	3.636	0.527	0.482	1.613		1.5598
0.511	0.489	0.512	0.493	1.608	0.503	1.614	1.537	2.624	0.526		1.0417
0.52	0.514	0.534	0.519	1.609	0.485	1.615	1.527	0.487	2.582		1.0392
2.612	0.47	0.509	1.597	0.5	1.59	0.518	1.623	0.515	0.511		1.0445
1.629	0.608	0.542	0.518	1.515	1.598	0.483	1.58	1.627	0.513		1.0613
0.476	0.47	0.51	0.507	0.537	0.513	0.505	0.51	0.517	1.621		0.6166
0.503	2.492	2.598	0.524	0.479	2.634	0.525	1.503	1.611	1.504		1.4373
1.612	1.604	0.532	0.498	1.597	0.509	0.5	0.525	1.606	1.575		1.0558
1.616	0.524	0.544	0.506	0.518	1.584	0.526	1.619	2.622	2.629		1.2688
1.625	0.546	0.544	0.514	1.499	3.618	1.505	0.525	2.614	0.511		1.3501
2.497	1.612	1.592	0.536	1.502	0.502	1.518	0.504	0.521	2.615		1.3399
0.608	0.525	1.481	1.501	0.5	1.613	0.508	2.596	0.49	0.497		1.0319
1.506	0.511	0.5	1.618	2.605	0.517	2.634	0.507	1.503	1.647		1.3548
1.612	1.496	1.621	0.508	1.614	2.483	0.495	2.647	0.495	0.497		1.3468
0.529	0.485	0.509	1.609	1.54	0.499	2.615	0.514	0.522	0.512		0.9334
0.519	0.5	0.521	1.506	0.51	0.521	1.632	0.533	1.621	0.542		0.8405
0.485	0.507	3.616	0.514	1.608	1.616	0.487	0.514	0.51	0.51		1.0367
0.48	0.481	0.529	2.632	0.52	0.506	1.625	1.589	2.502	0.526		1.139
1.476	1.527	1.598	0.51	0.506	0.519	1.608	0.487	2.594	1.622		1.2447
0.527	0.499	1.614	1.594	1.594	1.616	0.529	1.522	2.602	0.517		1.2614
0.52	1.593	1.543	1.607	0.505	0.511	0.517	0.51	1.613	1.501		1.042
0.509	0.513	2.628	2.631	0.512	0.478	0.496	0.515	0.519	1.613		1.0414
1.604	0.494	1.51	0.482	0.525	0.481	0.518	0.534	0.48	0.498		0.7126
1.601	2.628	1.625	0.499	1.528	2.513	0.486	0.532	0.519	2.611		1.4542
1.603	1.612	0.504	2.566	0.517	1.57	0.522	1.638	0.514	1.541		1.2587
2.64	0.517	2.634	0.521	0.509	0.525	1.51	1.491	0.497	0.495		1.1339
0.496	2.596	1.628	0.513	2.621	1.53	0.502	2.627	2.607	1.618		1.6738
0.494	0.503	1.622	0.493	1.606	0.504	2.604	1.625	0.509	0.51		1.047
1.599	0.5	0.48	2.627	1.611	1.627	1.626	0.515	2.615	1.612		1.4812
2.541	0.508	0.5	3.615	0.51	1.531	1.601	1.518	2.643	1.533		1.65
1.511	0.544	0.504	1.614	1.629	0.501	1.606	1.522	0.486	0.526		1.0443
0.477	0.52	1.503	2.511	1.491	0.512	1.52	0.523	1.625	0.492		1.1174
0.601	0.502	1.602	1.644	0.537	0.493	0.523	0.522	1.587	1.624		0.9635
1.504	2.623	0.507	0.519	2.625	1.603	1.642	1.603	2.639	0.517		1.5782
0.501	1.595	2.506	0.493	2.6	2.519	1.523	1.523	1.608	1.63		1.6498
0.503	1.607	0.497	2.643	1.545	1.501	1.603	0.602	0.508	0.501		1.151
0.478	0.515	0.522	1.61	1.615	0.488	1.6	1.501	0.494	0.527		0.935
0.489	0.507	1.597	1.608	1.622	2.604	0.514	1.512	1.517	0.52		1.249
0.502	0.517	3.623	0.504	0.491	0.521	0.508	0.497	0.486	2.614		1.0263
1.512	1.624	2.609	0.504	0.5	1.61	0.51	1.497	0.514	0.511		1.1391
1.601	0.515	0.508	1.637	1.504	0.522	0.492	1.616	0.504	0.49		0.9389
0.497	1.613	0.531	0.525	1.62	0.512	0.52	0.501	0.515	0.523		0.7357
0.535	1.499	0.52	0.523	0.52	0.533	0.513	0.505	0.501	1.61		0.7259
2.633	1.62	0.505	0.499	2.531	0.51	0.497	0.508	3.606	0.498		1.3407
0.514	3.612	0.501	0.507	1.601	2.617	0.537	1.507	0.504	0.497		1.2397
1.617	0.477	1.597	0.517	2.609	2.613	0.513	0.481	0.528	1.52		1.2472
0.509	0.502	0.468	1.512	0.485	0.523	0.492	0.516	2.617	1.604		0.9228
0.511	1.623	0.522	0.491	1.576	0.472	0.511	0.508	1.591	0.51		0.8315
1.595	0.526	1.544	0.508	0.494	2.643	0.516	1.604	1.516	0.527		1.1473
0.529	0.499	1.581	0.509	0.515	1.602	2.595	1.65	0.52	0.527		1.0527
1.525	2.594	0.512	0.503	0.522	0.544	1.595	2.61	1.622	1.504		1.3531
1.61	0.491	1.506	0.509	1.581	1.597	0.511	1.483	0.49	0.508		1.0286
0.494	0.502	0.507	2.619	2.621	1.522	0.471	0.521	2.586	0.512		1.2355
2.604	2.634	1.645	0.511	3.619	0.54	1.513	1.625	0.522	0.536		1.5749
0.508	0.496	0.511	2.607	0.504	0.524	1.61	1.6	1.507	2.632		1.2499
1.615	3.65	0.504	0.52	0.501	1.602	2.524	0.476	1.617	0.511		1.352
0.527	2.602	0.52	0.518	0.498	0.497	0.512	0.51	1.507	0.493		0.8184
0.51	0.519	0.525	0.505	1.615	0.488	0.492	2.518	0.481	0.517		0.817
0.523	0.509	0.493	0.513	0.507	0.502	0.475	0.509	1.598	1.611		0.724
1.528	0.497	1.506	3.624	2.606	1.621	0.536	0.535	1.507	3.629		1.7589
0.505	0.507	0.502	1.598	1.591	0.518	2.603	2.64	0.507	1.622		1.2593
1.532	0.5	0.516	0.507	1.612	1.6	1.503	1.614	1.624	0.5		1.1508
1.618	0.508	1.633	0.494	1.506	0.517	1.597	0.511	0.535	2.614		1.1533
1.597	0.517	0.53	0.521	1.617	2.526	0.523	0.516	1.639	0.512		1.0498
0.508	0.489	1.592	2.587	0.511	1.536	1.617	1.486	0.493	1.611		1.243
0.498	1.641	0.501	1.61	2.642	0.509	0.488	1.586	1.615	0.53		1.162
1.628	1.503	2.601	0.516	0.498	0.607	0.532	0.469	2.606	0.492		1.1452
2.521	2.636	2.614	0.485	1.498	0.512	1.596	0.494	0.524	3.622		1.6502
1.648	1.631	0.506	0.529	0.595	1.505	1.519	2.611	0.515	1.586		1.2645
1.498	0.501	0.51	0.519	0.505	1.617	0.528	0.532	0.502	0.507		0.7219
1.617	2.624	2.611	2.612	1.511	2.612	0.513	0.513	1.518	2.505		1.8636
0.514	0.527	1.592	3.636	1.631	1.504	0.604	0.518	0.632	0.58		1.1738
1.517	0.51	1.617	2.606	0.508	1.59	0.504	0.503	0.493	1.5		1.1348
0.519	0.512	0.483	2.619	1.507	1.6	0.508	2.62	1.49	0.508		1.2366
0.509	0.48	2.636	1.618	1.598	0.52	2.62	0.524	0.52	0.525		1.155
2.607	2.617	1.529	0.511	2.613	0.497	0.514	0.495	0.518	0.505		1.2406
0.487	1.587	3.623	0.493	0.51	0.497	0.519	1.614	1.544	0.5		1.1374
0.514	1.538	0.51	2.609	0.523	0.498	0.508	3.622	1.595	0.517		1.2434
1.612	2.588	0.496	0.52	0.521	1.633	0.514	0.496	0.468	1.509		1.0357
1.519	1.606	0.512	1.51	1.619	1.519	2.621	0.523	0.501	0.494		1.2424
1.592	0.48	1.631	1.613	0.534	0.527	0.484	0.514	0.476	1.595		0.9446
1.596	0.5	1.635	1.62	0.497	0.482	2.61	1.585	2.514	0.517		1.3556
1.524	0.502	1.622	0.521	0.51	1.598	1.616	0.497	3.601	1.493		1.3484
0.513	1.618	1.519	1.512	0.483	0.515	1.501	0.487	1.597	2.634		1.2379
1.596	2.505	2.588	1.637	0.491	0.511	1.604	0.527	1.6	0.568		1.3627
1.527	1.619	0.516	0.52	0.519	0.539	0.543	0.531	0.504	0.511		0.7329
2.637	1.511	1.507	0.488	0.5	2.524	1.593	2.624	0.5	0.497		1.4381
0.482	2.621	1.617	1.63	0.505	2.647	1.526	2.608	0.519	1.519		1.5674
0.53	0.521	0.486	0.501	0.514	0.525	1.609	0.6	1.5	0.509		0.7295
0.517	1.515	0.488	2.527	2.605	1.591	1.63	0.49	0.518	0.508		1.2389
0.503	1.599	0.514	0.517	0.513	1.502	1.505	0.517	1.587	1.619		1.0376
1.601	0.504	0.486	2.612	1.499	1.601	1.519	0.51	2.603	0.492		1.3427
1.618	0.527	0.503	0.53	0.513	0.505	0.511	0.506	0.525	1.536		0.7274
1.524	1.506	1.635	0.516	0.492	0.523	0.497	0.51	2.631	1.591		1.1425
1.591	0.488	0.529	2.599	0.507	2.627	1.594	0.481	0.502	0.505		1.1423
0.477	0.493	0.504	0.514	0.5	0.467	0.533	1.488	1.524	1.512		0.8012
0.505	2.603	1.522	1.616	0.481	0.514	0.517	0.467	1.621	0.53		1.0376
3.621	0.524	0.525	2.61	2.603	1.61	0.511	2.624	1.51	1.513		1.7651
0.521	0.5	2.612	1.6	1.622	0.503	1.616	0.515	1.603	1.523		1.2615
0.602	1.595	1.618	1.602	0.517	0.485	1.524	1.625	1.505	0.486		1.1559
0.515	0.509	0.532	2.591	0.497	2.583	0.517	0.505	0.534	0.518		0.9301
1.514	1.521	1.515	0.49	0.475	0.505	1.609	0.497	0.494	1.606		1.0226
0.49	1.636	1.631	1.519	0.492	0.508	0.496	1.498	0.485	0.498		0.9253
1.499	0.509	1.578	2.604	0.499	2.606	0.523	2.586	0.53	0.519		1.3453
1.619	1.51	2.508	0.504	1.593	3.607	1.512	1.62	0.622	2.619		1.7714
1.524	0.517	0.498	0.511	0.536	0.534	1.507	0.528	0.539	0.508		0.7202
0.471	2.585	1.61	1.627	1.51	0.496	0.511	2.616	1.503	0.482		1.3411
1.634	1.626	0.487	0.5	1.618	1.618	0.525	1.63	1.611	1.598		1.2847
2.617	0.55	0.508	2.601	0.471	1.494	0.641	0.487	0.487	0.524		1.038
0.518	1.524	0.503	0.51	1.498	0.524	0.496	1.513	1.593	1.504		1.0183
0.511	1.611	1.594	2.604	0.489	0.518	0.528	0.473	1.507	0.503		1.0338
1.634	2.61	0.49	0.539	0.506	0.518	0.514	1.61	0.521	1.607		1.0549
2.518	2.585	1.514	0.526	0.491	2.605	0.489	1.508	1.615	1.516		1.5367
1.633	0.494	0.527	0.508	0.499	0.498	0.501	1.619	0.535	2.616		0.943
2.512	1.502	0.513	0.511	1.509	1.593	0.499	1.587	0.503	0.523		1.1252
1.618	2.602	1.591	0.51	0.51	0.477	0.515	1.524	1.623	0.509		1.1479
0.536	1.6	1.533	0.533	2.615	1.513	1.51	2.583	0.498	0.498		1.3419
1.624	1.498	0.513	1.599	1.509	2.613	1.53	2.616	0.511	0.511		1.4524
0.533	1.618	0.502	2.607	1.609	2.634	0.588	2.607	3.621	1.616		1.7935
1.594	1.519	2.633	0.526	2.621	0.529	1.5	1.524	2.611	1.51		1.6567
1.611	1.611	0.502	0.473	2.636	1.608	1.605	0.503	0.486	0.481		1.1516
0.524	0.512	0.501	1.533	0.497	1.595	2.616	0.497	0.497	0.515		0.9287
2.51	1.506	0.535	0.49	0.527	0.495	0.524	1.619	2.645	0.515		1.1366
0.494	0.474	0.505	0.487	1.608	1.519	0.516	0.482	0.616	1.621		0.8322
0.482	0.508	0.527	0.514	0.539	1.612	0.507	0.518	2.52	1.528		0.9255
1.488	1.612	0.481	2.617	1.623	0.488	1.594	0.523	1.625	0.503		1.2554
0.519	1.534	0.526	1.61	0.525	1.53	0.494	1.486	0.512	0.512		0.9248
2.607	0.523	1.522	0.519	0.499	0.51	2.517	2.609	0.506	1.634		1.3446
0.514	1.598	2.607	0.503	0.512	0.517	0.505	2.615	0.488	0.511		1.037
0.534	1.599	0.52	0.501	0.493	1.49	2.594	1.605	0.5	0.514		1.035
1.619	0.545	0.516	2.636	0.504	0.515	0.513	3.519	0.497	0.505		1.1369
0.513	0.502	1.6	0.506	0.53	1.61	0.5	0.482	0.507	0.497		0.7247
0.496	1.506	2.604	1.582	3.616	2.601	0.493	1.51	0.518	2.6		1.7526
1.624	3.619	0.481	0.51	0.528	1.601	0.492	2.641	1.583	1.594		1.4673
0.529	0.507	1.587	1.498	2.603	0.509	2.62	1.612	1.499	0.486		1.345
0.537	1.63	0.497	0.498	0.503	2.536	0.487	2.617	1.614	0.491		1.141
2.625	2.59	2.515	0.493	2.607	0.497	1.591	1.607	2.612	0.512		1.7649
1.615	1.608	0.499	1.611	1.626	1.616	1.492	1.514	0.483	0.494		1.2558
0.502	1.515	0.519	0.476	0.516	1.51	0.527	1.595	0.504	0.499		0.8163
0.52	1.606	0.503	1.618	1.522	0.517	0.477	0.522	0.482	1.525		0.9292
0.526	0.533	0.499	1.504	0.492	1.62	0.504	1.519	1.62	1.633		1.045
0.475	1.515	2.615	1.616	3.63	0.516	0.515	1.573	0.503	1.619		1.4577
0.518	3.592	1.59	1.577	0.495	0.515	2.583	1.632	1.608	0.505		1.4615
1.532	1.62	1.62	0.489	1.619	1.53	2.628	1.502	0.52	0.498		1.3558
0.498	2.64	0.523	0.516	1.604	0.502	0.502	0.489	0.489	0.536		0.8299
1.616	1.613	1.489	2.523	1.493	1.61	0.518	0.492	0.493	0.51		1.2357
0.47	1.628	0.492	2.596	2.65	1.642	1.635	0.538	1.587	2.608		1.5846
0.524	1.614	1.597	1.513	0.518	0.486	1.631	1.595	1.509	1.59		1.2577
0.473	1.539	0.512	2.624	1.503	0.514	1.508	0.51	1.583	0.528		1.1294
0.521	0.511	1.51	1.609	0.525	0.516	1.589	0.549	0.491	0.506		0.8327
0.556	0.484	2.606	0.506	0.609	0.489	1.61	2.629	1.524	0.606		1.1619
0.516	1.611	2.607	2.61	0.506	0.511	0.497	2.628	0.515	0.496		1.2497
0.496	0.521	1.619	2.598	0.515	0.515	1.528	0.497	1.605	1.503		1.1397
0.498	1.521	1.503	0.536	0.524	1.613	1.595	1.581	0.493	1.62		1.1484
1.616	1.621	0.503	1.625	0.526	0.524	1.514	0.514	1.515	0.514		1.0472
0.521	0.494	1.5	2.533	0.514	0.496	1.593	0.546	0.486	0.503		0.9186
0.493	2.613	3.632	0.492	1.512	0.489	2.619	3.601	0.524	0.534		1.6509
2.615	2.613	1.608	1.626	0.513	1.599	0.495	1.64	2.61	0.524		1.5843
2.614	1.602	1.521	0.515	0.498	0.523	0.521	0.503	0.516	2.623		1.1436
1.605	3.619	0.527	1.61	0.507	0.492	0.498	1.52	1.49	1.595		1.3463
0.51	1.604	0.485	1.495	1.602	2.514	0.495	1.615	0.528	0.516		1.1364
2.496	0.541	0.48	1.614	1.488	0.52	0.524	0.493	0.522	2.594		1.1272
1.621	2.614	0.521	1.482	0.498	0.509	1.519	0.506	0.625	0.499		1.0394
0.512	1.502	1.508	1.601	1.585	0.622	0.521	0.484	0.521	0.489		0.9345
1.623	1.612	1.607	0.507	1.535	0.511	1.612	1.501	1.611	0.522		1.2641
1.502	1.534	0.494	0.494	1.602	2.523	1.613	1.594	2.514	0.511		1.4381
1.647	1.624	1.618	0.494	0.512	0.514	0.485	1.516	1.595	2.622		1.2627
0.531	0.526	0.514	0.499	0.494	1.604	0.511	1.501	1.511	1.608		0.9299
0.523	0.526	1.523	0.528	0.517	2.515	0.501	1.613	1.613	1.605		1.1464
0.511	0.512	0.513	2.618	1.607	1.61	0.527	2.607	0.49	1.506		1.2501
2.62	0.514	0.517	1.609	1.507	0.505	1.512	1.608	1.52	0.518		1.243
1.615	1.51	0.52	0.513	3.622	0.504	0.519	0.519	1.611	1.573		1.2506
1.494	1.593	1.63	0.514	1.63	0.495	0.498	2.505	0.5	1.529		1.2388
2.647	0.517	0.522	0.514	2.601	0.521	0.493	1.631	1.606	1.586		1.2638
0.485	0.506	2.617	1.613	2.6	2.617	0.503	1.493	1.485	2.501		1.642
1.511	1.506	0.487	3.606	0.5	0.503	1.606	2.625	0.518	1.615		1.4477
1.588	1.642	1.597	1.6	2.623	1.577	1.516	1.618	2.528	2.605		1.8894
0.484	2.588	0.514	0.503	2.632	0.525	1.618	1.523	2.603	0.489		1.3479
0.524	2.515	2.63	2.609	0.511	2.611	0.506	0.495	0.567	2.627		1.5595
0.498	2.643	1.641	2.619	0.499	1.59	1.509	0.493	0.507	0.52		1.2519
1.598	0.525	1.509	1.612	2.611	1.514	0.512	0.481	0.516	2.601		1.3479
0.494	2.594	0.61	1.602	0.529	0.52	3.602	1.606	3.514	0.509		1.558
0.485	2.606	1.502	0.513	0.478	1.507	1.591	0.495	1.643	0.483		1.1303
0.517	0.501	1.519	1.542	0.521	0.519	2.583	2.632	0.492	2.598		1.3424
1.588	0.502	0.527	1.617	2.638	0.494	1.495	0.53	0.507	1.596		1.1494
0.489	0.502	1.571	0.528	0.494	1.621	0.613	1.518	0.525	0.5		0.8361
0.503	1.639	1.532	0.501	0.502	1.503	2.497	0.508	1.631	0.516		1.1332
0.5	1.507	1.623	0.472	0.473	1.513	0.506	1.607	0.523	0.475		0.9199
1.515	0.512	0.512	2.631	0.489	0.48	1.608	0.5	1.522	0.506		1.0275
1.517	2.625	0.495	0.488	0.502	0.527	0.534	0.481	1.506	0.508		0.9183
1.562	0.516	0.514	2.599	0.499	0.492	0.517	0.493	0.528	0.509		0.8229
1.601	0.476	1.621	0.518	3.613	1.604	0.521	1.638	1.608	0.495		1.3695
1.594	0.484	0.501	1.601	0.52	0.528	1.588	1.616	0.503	0.517		0.9452
1.493	0.524	0.522	1.511	0.503	0.529	0.509	1.501	0.511	1.517		0.912
1.617	1.615	1.517	0.512	1.618	1.613	0.482	0.494	1.595	0.511		1.1574
2.628	0.529	0.51	1.653	2.603	1.512	0.53	0.502	0.484	0.487		1.1438
1.605	0.5	0.507	0.507	0.511	0.496	0.519	0.62	1.522	0.503		0.729
1.514	1.586	1.612	0.523	0.501	0.527	0.546	0.503	0.515	0.505		0.8332
2.62	1.496	0.497	1.599	0.512	1.521	0.524	1.53	0.513	0.528		1.134
2.593	0.619	2.609	1.495	0.514	0.513	0.522	0.502	0.496	2.596		1.2459
2.61	0.534	0.509	0.503	2.601	0.498	1.504	1.604	0.53	1.61		1.2503
0.531	0.505	0.536	1.613	2.643	1.605	2.587	0.493	1.634	0.514		1.2661
0.528	2.516	1.487	0.528	2.589	1.635	0.505	2.625	0.474	1.489		1.4376
0.486	0.506	2.607	2.531	0.515	0.508	1.59	0.519	1.607	0.518		1.1387
1.609	0.514	0.51	0.498	1.602	0.494	1.611	0.518	2.517	0.514		1.0387
0.497	2.624	0.495	0.499	0.514	1.603	0.5	2.602	1.606	0.496		1.1436
2.648	0.518	0.516	2.618	1.636	0.509	1.526	0.482	1.609	1.517		1.3579
1.604	1.541	1.595	0.515	2.541	0.511	2.621	0.503	1.596	1.612		1.4639
1.506	0.522	0.504	0.522	0.5	0.51	0.498	1.581	1.513	2.62		1.0276
1.599	2.612	1.541	1.511	0.515	0.51	1.601	0.53	0.503	1.542		1.2464
1.603	0.494	1.613	0.497	1.514	1.605	0.476	0.503	1.591	0.604		1.05
1.624	0.487	0.512	2.62	1.605	0.523	2.632	0.497	2.524	1.516		1.454
2.518	0.485	2.505	0.494	0.5	0.501	0.511	2.627	0.546	0.486		1.1173
0.486	3.626	0.483	0.504	1.506	1.494	0.506	1.599	0.524	1.618		1.2346
1.606	0.502	1.602	2.617	1.627	0.507	1.621	3.621	0.479	1.518		1.57
1.51	0.523	1.502	0.514	1.61	0.501	2.504	0.513	1.602	0.512		1.1291
1.626	0.504	0.523	1.608	1.502	0.486	0.512	2.617	0.497	0.523		1.0398
0.509	0.537	1.585	0.512	0.515	3.607	0.518	0.512	2.514	1.598		1.2407
0.521	2.642	1.523	1.596	1.605	1.618	0.599	2.625	2.634	0.506		1.5869
1.607	0.51	0.519	0.49	1.522	0.512	1.506	0.502	0.504	0.496		0.8168
1.515	2.622	0.532	2.595	1.598	0.481	0.515	0.512	2.616	0.514		1.35
2.496	0.504	0.525	1.525	1.513	1.487	1.533	1.599	1.613	3.623		1.6418
0.501	0.507	3.658	2.609	0.493	0.498	1.611	0.502	1.509	0.507		1.2395
2.591	0.493	1.613	0.484	1.604	0.512	1.537	0.513	1.618	0.531		1.1496
0.486	0.52	0.506	0.552	3.621	1.605	2.621	0.487	2.586	1.497		1.4481
1.619	0.505	1.594	1.632	1.6	0.506	1.477	1.605	0.527	0.535		1.16
1.602	1.612	0.501	0.479	1.641	2.549	0.503	0.523	0.518	2.647		1.2575
1.535	3.606	0.514	0.538	1.614	0.52	2.623	2.528	1.618	2.615		1.7711
