1.209	0.2	2.221	1.223	1.212	1.213	2.23	0.186	1.201	1.21	0.219	1.215	0.248	0.219	1.21		1.0144
1.223	0.106	1.185	0.1	0.11	0.102	0.121	1.118	1.116	0.133	2.115	1.103	1.124	2.124	1.209		0.865933333
1.139	0.117	3.137	0.095	2.261	0.097	1.133	2.227	1.127	0.107	2.227	2.216	0.123	0.129	2.2		1.222333333
1.206	0.129	0.124	0.102	0.111	0.117	1.218	2.104	2.221	1.205	0.114	1.191	0.111	0.116	0.114		0.678866667
0.108	0.11	1.208	1.197	0.109	0.131	1.096	1.199	0.119	0.126	3.244	0.124	2.209	0.105	0.116		0.746733333
0.087	1.102	0.123	1.124	4.236	2.125	1.126	1.12	0.105	1.117	0.127	0.111	0.128	0.108	0.086		0.855
0.104	2.125	3.212	0.089	1.103	3.221	1.136	1.102	2.222	0.116	0.132	1.216	0.125	0.107	0.119		1.075266667
3.121	0.092	2.233	3.144	0.216	2.237	0.117	0.13	2.11	2.247	1.125	0.108	0.114	1.189	2.114		1.353133333
0.086	2.22	0.111	1.221	1.11	0.099	0.114	0.124	0.108	3.138	1.218	1.203	1.196	0.106	1.134		0.8792
0.11	0.109	1.097	1.122	0.113	0.097	1.197	1.205	1.105	2.209	1.11	1.23	1.121	0.127	0.094		0.803066667
1.2	0.101	0.11	0.094	1.208	1.185	2.13	0.102	1.207	0.137	0.099	1.121	0.105	0.116	0.106		0.6014
0.097	1.206	4.243	0.099	0.097	1.226	0.105	1.12	1.1	0.092	0.119	1.118	1.222	0.11	1.212		0.877733333
0.123	0.116	1.211	1.099	1.099	0.1	1.09	2.211	0.11	2.13	1.22	1.23	1.13	1.203	0.114		0.945733333
0.099	0.113	1.174	0.2	0.1	0.092	0.088	0.12	0.117	0.107	1.109	2.232	1.223	1.108	1.122		0.600266667
0.119	0.11	1.083	1.121	0.113	0.094	1.232	1.213	0.201	2.221	0.118	0.094	1.095	1.091	1.221		0.741733333
0.105	0.117	0.094	2.217	2.21	1.099	2.117	1.127	2.126	1.123	1.182	0.104	4.232	1.207	2.119		1.411933333
0.111	1.225	1.209	1.128	2.224	0.108	1.204	1.124	2.209	1.113	2.212	0.112	0.116	1.213	0.093		1.026733333
0.108	1.126	0.131	5.255	2.247	1.205	0.088	0.123	1.201	0.09	0.104	0.09	0.117	3.119	2.089		1.139533333
2.242	1.125	0.116	1.188	0.113	1.102	0.109	0.113	1.094	3.227	1.108	1.126	2.222	3.223	1.222		1.288666667
1.132	0.122	0.105	0.096	1.199	0.116	1.205	0.128	3.222	0.111	1.212	3.218	0.104	0.083	0.12		0.811533333
2.216	0.088	1.091	0.109	3.231	1.128	0.09	0.12	1.23	0.124	0.088	0.103	0.13	0.103	1.114		0.731
0.125	1.218	0.13	2.135	1.096	0.103	1.118	1.202	3.219	0.121	0.117	0.122	0.108	1.222	0.105		0.8094
1.192	0.109	1.199	1.222	0.11	0.122	0.094	0.097	0.087	0.085	0.09	3.209	1.224	4.219	1.222		0.952066667
1.2	0.113	0.102	2.117	0.107	0.11	1.228	2.134	1.208	2.214	1.077	1.201	1.205	1.2	0.117		1.0222
0.139	0.112	1.134	0.12	1.12	0.096	0.135	0.103	0.111	0.112	2.224	1.117	0.1	0.11	1.13		0.5242
0.108	0.118	0.096	0.22	1.21	1.216	0.085	0.1	0.096	2.114	2.204	2.123	2.205	0.099	0.1		0.806266667
1.126	2.225	1.106	1.117	0.113	0.097	2.129	2.241	1.113	2.215	0.091	3.214	1.231	0.096	0.111		1.215
0.117	2.132	1.202	0.129	0.097	0.127	2.206	0.111	1.126	1.107	0.121	0.118	0.115	1.217	2.22		0.809666667
1.147	0.114	0.109	0.108	0.101	1.233	0.106	0.13	0.085	1.218	2.228	1.094	1.113	2.145	1.22		0.810066667
0.093	0.103	0.117	0.091	2.203	1.205	1.122	1.189	0.115	0.11	2.124	5.228	0.092	0.105	1.096		0.999533333
0.096	0.099	0.091	0.101	0.113	2.106	2.229	1.212	0.092	1.112	0.187	1.107	0.091	1.205	1.143		0.732266667
1.21	1.199	0.106	0.099	0.099	0.125	0.091	1.118	0.106	1.211	2.118	0.111	2.193	0.098	0.1		0.6656
0.106	0.116	1.221	0.117	1.214	0.102	0.08	0.101	1.099	1.216	0.109	3.244	1.198	1.116	0.114		0.743533333
1.195	0.123	1.2	0.123	1.111	0.109	1.216	2.221	0.089	0.079	1.111	0.109	0.11	1.128	1.1		0.734933333
0.13	0.116	1.112	0.118	2.116	0.128	0.096	0.125	0.082	0.114	1.207	0.195	0.128	1.114	0.11		0.4594
0.118	0.136	0.096	1.106	2.221	0.086	1.13	0.084	0.128	0.09	0.128	0.102	1.117	1.215	3.255		0.734133333
1.116	1.104	0.121	1.201	1.217	2.209	2.218	0.089	0.103	0.127	0.101	0.102	1.216	1.105	2.221		0.95
3.23	1.136	0.107	1.234	2.13	3.216	0.111	1.141	0.104	1.115	0.117	0.094	2.12	0.117	0.095		1.071133333
0.105	2.118	1.09	1.201	0.113	1.227	1.197	1.205	2.231	0.096	1.107	1.11	0.11	2.207	0.121		1.015866667
3.228	2.246	0.089	0.12	1.212	1.207	0.113	3.128	1.203	1.124	0.124	2.224	1.217	1.103	0.113		1.230066667
0.214	0.095	0.11	1.121	1.127	1.116	0.12	3.235	1.116	0.106	0.099	1.201	0.124	3.233	2.206		1.014866667
0.095	1.196	1.218	3.213	0.103	1.215	3.145	1.19	1.216	0.106	0.12	1.187	0.108	1.217	0.113		1.029466667
1.136	1.118	0.117	0.122	1.214	0.112	2.22	1.127	1.119	1.135	2.248	0.121	0.077	2.136	1.205		1.0138
1.242	0.088	1.114	0.129	1.121	1.132	2.226	0.158	0.084	0.115	1.199	1.098	1.114	0.092	2.12		0.8688
0.112	0.111	1.179	0.102	0.113	1.119	0.123	2.132	0.101	1.104	1.1	0.113	1.138	0.111	0.117		0.585
1.117	0.15	1.135	1.106	2.211	3.222	1.13	0.093	0.078	0.08	0.091	2.222	1.119	2.129	0.096		1.065266667
3.153	0.136	1.224	0.091	0.102	1.108	0.111	1.201	2.239	1.218	3.219	1.19	0.115	0.123	1.213		1.0962
0.113	1.209	2.143	0.088	0.09	2.223	1.211	1.131	1.212	0.093	0.111	4.23	0.209	3.242	1.113		1.227866667
1.214	1.196	0.101	2.232	0.122	1.216	0.096	0.094	1.139	1.218	1.201	1.222	1.123	1.196	0.087		0.897133333
1.122	0.093	0.107	0.116	1.21	0.114	0.099	2.131	0.1	0.098	0.124	0.124	1.13	0.112	1.193		0.524866667
1.117	2.201	2.225	0.117	0.102	1.114	1.221	0.097	0.092	0.079	1.123	0.129	0.086	2.137	0.104		0.796266667
4.24	2.174	2.203	2.234	0.08	0.126	1.107	3.23	2.21	2.09	1.199	0.101	1.204	0.106	0.113		1.494466667
0.113	1.208	0.136	0.121	1.12	0.1	1.114	0.085	0.089	0.12	1.202	0.118	0.1	0.123	1.115		0.4576
0.115	0.091	0.11	1.075	1.103	1.106	2.23	1.206	3.225	1.212	0.116	1.11	1.124	1.228	0.132		1.0122
1.094	1.153	0.12	0.113	0.126	0.097	0.107	1.105	1.096	2.102	2.119	0.112	3.246	3.127	1.196		1.127533333
0.106	1.12	4.229	1.119	2.218	3.236	0.117	1.098	0.206	1.22	0.106	1.199	2.133	1.218	1.126		1.3634
0.081	0.11	2.198	1.106	1.125	0.108	1.198	0.09	0.132	0.101	2.229	0.129	2.226	0.079	1.2		0.807466667
1.248	0.089	2.241	0.208	0.122	2.236	0.121	4.235	2.132	1.208	1.205	1.12	1.215	2.125	2.133		1.442533333
0.117	0.11	1.129	1.101	0.103	0.102	0.103	0.106	1.193	0.1	1.118	0.114	0.118	1.102	0.102		0.447866667
1.113	0.107	1.211	0.093	1.108	0.101	0.086	2.227	0.115	2.152	0.118	1.217	0.103	0.101	0.099		0.6634
0.103	1.184	1.108	1.113	0.103	0.103	1.126	1.13	0.098	2.238	0.116	2.136	5.239	1.241	0.122		1.144
1.203	0.101	2.119	2.208	0.224	1.11	0.116	0.112	0.121	1.119	0.109	1.106	0.111	1.117	0.121		0.733133333
1.118	0.115	1.207	0.091	1.127	0.09	1.144	0.134	0.115	0.095	0.122	0.102	0.088	2.202	2.222		0.6648
1.11	2.121	0.101	1.129	0.098	0.091	0.108	1.235	1.138	2.236	2.221	0.092	0.116	0.103	0.128		0.8018
1.211	1.119	1.199	2.214	1.097	0.108	2.209	1.109	1.116	1.213	1.199	1.215	1.208	0.115	1.221		1.1702
2.138	1.197	1.201	3.145	0.127	0.101	2.205	0.117	1.195	3.228	1.111	2.133	0.113	3.234	0.127		1.4248
1.11	1.088	0.086	0.1	2.227	0.102	4.232	0.107	2.22	3.219	3.215	1.224	2.139	0.118	1.214		1.4934
1.231	2.193	1.114	0.112	2.221	2.238	2.223	0.103	0.103	0.109	1.202	0.103	1.109	2.219	1.108		1.1592
0.109	0.111	1.224	1.093	0.107	1.188	0.139	0.109	0.129	5.216	0.118	3.228	1.113	0.106	0.079		0.937933333
1.144	0.101	0.081	0.238	0.118	0.12	1.2	1.236	0.113	2.219	0.086	1.188	1.202	1.217	0.117		0.692
1.214	2.209	0.109	1.097	0.097	1.204	1.1	2.127	1.181	0.101	2.143	0.099	0.119	2.143	0.099		1.0028
3.129	0.099	2.136	0.093	0.214	1.108	2.188	2.214	1.217	1.22	4.217	0.109	1.122	1.122	0.099		1.352466667
2.221	2.215	0.124	1.108	0.113	0.107	2.215	1.103	0.099	1.087	0.101	1.123	0.12	2.21	0.087		0.935533333
1.211	3.208	2.22	1.213	0.111	0.11	1.115	1.203	1.107	1.208	0.108	2.222	0.109	0.13	0.088		1.0242
1.117	0.111	0.111	2.194	2.1	1.099	0.129	1.218	0.104	1.105	0.104	0.132	0.119	2.216	1.206		0.871
1.108	0.122	0.117	1.088	2.229	2.227	1.123	1.116	0.095	1.22	1.109	2.229	0.119	0.103	1.118		1.0082
0.107	1.107	0.094	0.101	0.105	3.214	3.225	1.227	0.082	1.103	1.238	2.201	3.22	2.198	3.222		1.496266667
0.1	3.229	3.226	1.231	1.095	0.194	0.12	2.203	3.204	0.084	0.123	1.115	1.216	0.096	2.213		1.2966
0.128	1.193	1.213	0.104	0.193	2.134	0.112	0.112	1.213	3.222	0.122	0.107	0.105	2.216	0.107		0.818733333
0.115	2.128	1.101	2.109	0.116	1.204	4.248	2.224	0.116	3.241	2.125	0.124	2.136	0.127	0.112		1.415066667
1.117	1.213	3.221	2.226	1.112	0.121	0.114	3.209	0.112	0.104	1.205	2.222	2.216	4.213	0.097		1.500133333
3.23	4.129	0.106	2.229	2.227	2.203	0.108	1.088	0.085	1.086	0.12	2.13	0.117	0.114	2.211		1.4122
1.196	2.206	1.199	1.207	2.231	0.097	0.113	1.224	1.136	0.208	0.102	0.111	3.145	0.126	1.221		1.0348
3.125	1.125	0.12	0.107	0.106	1.129	2.255	1.207	2.243	0.09	0.114	2.206	0.105	2.224	2.21		1.2244
2.202	3.234	1.101	2.115	0.095	0.106	2.125	2.136	1.216	1.12	1.114	0.118	0.237	1.222	1.111		1.283466667
1.098	1.113	1.226	0.121	0.096	0.135	2.232	2.108	0.105	1.112	1.233	0.113	0.097	3.231	0.109		0.941933333
0.107	1.21	0.104	4.226	0.109	2.23	1.104	0.125	2.139	2.249	1.187	1.077	0.115	2.215	0.123		1.221333333
1.121	3.218	2.117	1.1	2.214	0.101	1.209	0.113	1.21	1.202	1.118	1.11	0.124	2.208	0.113		1.218533333
1.191	0.111	0.121	1.203	2.226	1.081	0.137	0.095	1.083	1.195	2.11	3.213	0.109	1.103	2.21		1.145866667
5.235	1.21	0.113	1.134	0.1	0.111	0.106	0.111	2.236	0.11	0.099	1.221	0.132	1.186	0.112		0.881066667
4.219	1.221	0.11	2.211	0.123	1.213	1.12	1.216	2.21	0.105	1.105	1.116	3.131	1.174	2.192		1.497733333
0.105	2.119	1.215	0.111	0.096	0.12	3.238	1.126	0.13	0.121	1.126	0.1	1.19	1.199	0.106		0.8068
1.205	3.223	4.137	3.132	0.095	0.093	0.098	2.208	1.11	0.097	1.215	3.149	0.085	0.095	0.109		1.336733333
0.135	1.203	2.21	0.124	1.233	0.123	1.217	0.123	1.105	2.145	3.153	0.216	1.193	1.105	1.108		1.092866667
2.232	2.113	3.129	2.207	0.099	1.106	1.208	1.088	0.118	2.193	1.226	0.109	0.124	2.121	1.112		1.345666667
0.093	0.083	0.109	1.198	0.118	1.216	0.094	0.1	0.123	1.205	1.116	2.134	2.113	1.213	3.252		0.944466667
0.11	0.107	0.09	1.097	1.115	2.217	0.12	0.085	3.224	2.143	1.105	1.11	1.213	0.107	1.198		1.002733333
2.222	0.099	2.219	1.206	1.204	1.21	2.126	1.203	0.125	0.077	1.109	0.121	1.206	0.097	0.118		0.956133333
1.227	1.185	0.118	0.115	0.128	1.103	0.099	1.122	5.246	6.22	1.214	0.09	0.12	0.12	0.129		1.215733333
1.117	0.141	1.213	0.108	0.1	1.224	1.207	0.108	2.213	1.202	0.112	0.087	0.103	0.124	0.136		0.613
3.241	0.131	1.227	2.098	4.144	0.11	2.2	2.122	0.116	1.119	1.194	1.211	2.126	2.129	2.144		1.687466667
2.087	3.231	0.135	2.196	0.11	0.115	0.114	0.092	0.109	1.213	2.213	1.108	3.228	2.243	0.112		1.2204
1.212	0.086	1.144	1.207	2.209	3.118	2.133	2.201	2.107	2.122	0.125	0.111	1.215	0.113	1.209		1.354133333
0.086	1.093	0.105	2.155	0.115	0.12	0.108	0.092	0.095	1.144	0.104	0.121	1.125	0.098	0.109		0.444666667
1.184	0.226	0.104	2.118	1.121	1.189	3.216	1.101	1.185	2.22	1.129	0.096	1.109	4.223	3.221		1.5628
0.142	2.135	4.223	1.217	0.111	0.118	1.116	5.23	0.113	0.121	0.109	0.115	1.196	0.117	1.213		1.151733333
3.216	1.229	0.092	1.101	2.228	0.114	0.11	0.108	0.102	3.116	0.093	2.205	0.105	0.106	0.122		0.936466667
0.106	1.108	0.114	0.101	2.146	0.096	1.201	0.104	0.101	0.116	0.097	0.136	0.105	0.098	1.209		0.455866667
1.223	3.132	2.199	2.113	0.096	0.116	1.118	0.206	2.109	0.091	1.217	2.214	1.11	2.214	1.219		1.358466667
0.132	0.102	1.199	0.131	1.2	0.098	3.239	2.114	0.108	3.237	1.139	0.115	1.204	0.128	2.126		1.0848
0.119	1.206	1.115	1.209	0.097	0.101	1.233	1.122	0.107	3.239	1.116	0.112	1.104	0.102	0.088		0.804666667
0.1	0.124	1.216	0.12	0.11	0.097	0.106	0.09	0.134	1.194	4.226	0.085	1.199	1.202	1.102		0.740333333
1.107	3.221	1.113	0.122	0.086	2.118	2.114	2.227	1.2	4.232	0.119	0.146	2.191	2.216	1.218		1.562
0.105	1.089	1.132	1.214	0.088	0.12	1.221	0.111	0.108	1.199	0.093	1.106	1.208	1.219	0.111		0.674933333
0.103	0.121	2.095	1.197	2.139	2.214	2.146	0.095	0.106	2.097	0.1	1.205	0.113	1.119	2.131		1.132066667
0.213	2.22	0.11	3.211	2.225	1.224	4.249	0.111	1.204	3.215	0.117	2.249	0.105	0.114	0.115		1.3788
0.105	1.108	0.099	0.098	0.096	1.11	0.103	1.134	0.122	0.112	0.087	1.226	0.099	2.196	1.107		0.5868
2.133	0.116	3.233	2.212	1.206	0.091	1.207	2.214	0.117	1.123	0.094	1.084	2.122	0.086	0.111		1.143266667
0.105	2.241	1.213	0.108	1.117	0.101	1.099	1.201	1.107	2.219	2.229	4.206	2.204	0.093	2.206		1.429933333
1.224	1.203	1.101	3.234	3.232	1.218	0.123	0.098	1.099	3.113	1.119	0.082	1.212	1.196	1.23		1.3656
1.133	1.112	2.212	1.228	1.208	0.097	1.206	0.086	3.234	1.2	1.219	0.117	1.116	3.223	0.117		1.233866667
0.124	1.194	0.1	0.118	1.125	2.2	0.065	0.12	1.19	1.101	0.119	0.11	2.195	0.108	1.139		0.733866667
0.092	1.096	0.106	2.207	1.108	0.105	1.137	0.117	0.125	0.106	0.098	0.105	0.105	0.107	2.213		0.588466667
0.124	0.095	1.128	1.198	0.13	0.126	0.116	1.131	0.111	1.21	1.083	0.112	2.216	0.093	3.214		0.8058
0.099	0.098	0.086	0.123	1.106	2.116	0.116	1.111	0.089	0.113	0.113	2.213	0.114	1.134	1.129		0.650666667
0.191	1.111	1.21	0.092	0.118	0.116	2.236	0.112	1.136	1.126	0.084	0.109	3.233	0.097	0.098		0.737933333
1.116	3.133	2.119	1.111	1.216	1.214	0.101	3.227	0.097	0.101	0.116	0.103	0.102	2.227	0.096		1.071933333
0.112	0.112	0.105	2.109	1.089	0.11	1.125	0.083	2.237	1.216	0.092	1.208	0.119	0.098	0.088		0.6602
0.109	0.109	4.224	2.221	2.223	2.113	0.101	0.115	0.119	0.108	0.128	2.221	0.112	0.104	1.101		1.0072
1.085	0.209	0.095	1.118	0.131	0.113	0.105	0.099	1.101	0.122	0.099	2.101	1.202	2.228	1.19		0.7332
0.089	2.13	1.214	1.209	0.116	0.099	2.223	0.092	2.235	0.123	0.102	3.25	1.197	1.098	5.231		1.360533333
1.228	1.222	1.213	2.217	0.111	0.119	0.105	0.133	1.123	0.105	1.104	0.115	2.109	0.102	1.199		0.813666667
1.209	0.121	0.099	1.217	0.119	0.108	1.121	0.116	0.11	1.181	0.116	2.228	1.1	1.192	2.219		0.817066667
0.098	1.105	1.098	3.131	1.184	0.126	1.087	2.214	0.095	0.139	2.207	1.221	1.205	0.121	0.123		1.010266667
2.119	0.119	1.112	0.102	0.116	0.102	1.222	1.109	1.228	0.095	0.112	0.111	0.099	1.123	0.122		0.592733333
1.153	1.127	0.115	0.109	0.106	0.12	2.221	3.214	1.125	1.101	4.227	0.118	1.118	0.121	0.098		1.071533333
1.181	1.114	1.199	1.223	0.119	2.221	0.094	1.209	2.228	0.193	1.229	1.092	1.197	1.224	0.103		1.041733333
1.121	2.208	2.131	3.217	0.096	3.223	1.125	0.12	0.099	2.115	3.12	0.126	2.12	2.113	1.127		1.604066667
2.211	0.105	1.1	0.116	2.142	0.126	0.113	1.108	0.117	1.118	1.205	1.12	1.2	1.2	0.11		0.872733333
4.148	0.095	3.226	1.198	2.215	0.107	0.117	0.125	2.111	2.209	1.101	0.123	1.113	0.125	2.116		1.341933333
1.236	1.233	1.215	1.106	0.114	0.122	0.099	0.101	1.195	2.116	0.107	1.207	1.215	0.106	1.218		0.826
1.213	0.105	1.114	0.12	0.105	2.195	0.078	0.121	1.121	0.102	1.223	0.103	0.098	0.118	0.113		0.5286
1.104	0.107	2.222	0.107	0.099	0.123	1.22	3.225	1.185	1.199	0.091	0.087	2.123	0.102	0.089		0.8722
0.11	0.104	1.105	1.12	0.126	1.192	0.102	0.109	1.123	1.132	0.092	0.106	1.227	0.105	2.127		0.658666667
0.116	0.107	0.097	1.11	0.115	0.148	0.088	1.131	1.139	0.117	0.115	1.207	2.208	0.109	0.13		0.529133333
0.092	3.119	0.229	2.238	1.205	0.105	2.193	1.206	2.218	2.268	0.123	0.113	0.112	1.094	0.111		1.095066667
1.122	1.119	3.091	0.103	0.094	0.102	1.224	0.116	0.103	0.097	1.129	0.094	0.105	2.117	1.186		0.7868
0.107	0.093	0.116	0.125	1.132	0.108	1.121	2.204	1.108	0.092	0.099	0.139	0.095	1.224	2.117		0.658666667
2.237	0.112	0.111	1.114	0.104	1.119	0.088	0.105	0.103	1.231	0.123	1.107	0.121	0.107	0.115		0.526466667
0.112	1.194	2.203	0.11	1.192	2.2	0.102	2.205	0.083	0.092	0.11	0.104	2.211	1.122	2.211		1.016733333
0.098	1.133	2.231	0.13	0.112	2.13	0.127	0.117	0.089	0.094	0.118	0.128	2.202	2.208	0.099		0.7344
2.235	0.126	1.2	0.1	0.087	1.115	4.117	0.104	0.101	1.198	0.106	1.108	1.201	0.098	0.123		0.867933333
0.123	0.111	2.206	2.203	0.115	0.108	0.096	1.21	1.109	0.118	0.124	0.082	1.225	0.132	0.111		0.604866667
3.215	2.225	0.12	3.224	0.102	1.105	0.094	0.109	2.226	0.11	1.219	0.101	1.13	2.119	1.217		1.221066667
1.215	2.112	1.209	0.114	0.106	0.113	0.129	0.104	1.091	1.197	1.111	1.095	0.119	0.112	1.112		0.729266667
3.255	0.106	0.109	0.115	2.13	0.103	1.207	1.11	1.224	0.096	2.201	0.108	4.13	0.097	0.105		1.073066667
0.108	3.235	0.115	1.21	0.117	0.105	4.208	3.238	2.122	0.086	0.113	2.226	1.222	1.208	0.115		1.2952
0.119	4.256	3.118	1.141	1.217	3.249	2.196	0.093	0.108	0.106	0.11	1.115	1.118	2.142	0.083		1.344733333
1.124	1.188	1.224	0.105	3.11	1.2	0.107	1.21	1.198	2.151	1.127	0.122	2.146	2.149	0.087		1.216533333
2.227	0.098	1.123	0.118	0.121	1.091	0.135	2.145	0.103	3.225	2.225	2.206	0.093	0.118	1.11		1.075866667
0.083	0.122	1.223	0.12	0.106	0.103	0.113	0.133	0.118	1.185	1.208	1.214	0.122	3.239	0.108		0.613133333
0.133	2.224	0.098	3.215	1.188	0.088	2.229	1.123	0.084	1.123	2.124	0.126	0.129	0.101	1.194		1.011933333
1.2	0.135	0.123	0.106	0.118	0.094	0.097	3.215	1.117	0.12	3.217	0.114	0.089	0.097	0.11		0.663466667
0.096	1.1	1.219	0.138	1.124	0.092	1.21	0.119	0.084	0.128	0.128	1.097	3.236	0.085	0.1		0.663733333
0.124	0.1	0.091	0.105	1.176	1.205	0.092	1.113	1.195	0.091	0.115	2.198	0.091	1.227	2.105		0.7352
0.121	0.089	1.099	2.119	1.107	0.092	1.099	3.214	0.108	1.102	0.114	1.121	0.13	0.111	0.092		0.7812
2.224	0.111	0.112	0.11	1.208	1.204	2.203	1.116	1.098	1.11	2.22	0.111	0.094	0.103	0.104		0.8752
0.104	0.096	0.114	0.111	0.084	1.103	2.203	0.103	1.112	0.094	1.118	2.219	0.105	1.108	0.102		0.651733333
1.104	1.098	1.13	0.099	0.108	1.196	0.098	1.219	0.214	1.2	0.114	2.125	0.111	0.111	0.103		0.668666667
1.228	0.111	0.094	0.114	0.116	2.125	1.109	1.109	1.148	2.204	1.21	2.216	0.1	1.115	2.119		1.074533333
0.106	0.106	1.229	0.097	1.11	0.097	0.101	0.127	0.091	2.201	0.107	1.198	1.215	0.097	1.225		0.607133333
1.112	0.121	0.094	1.222	0.13	0.107	0.07	0.096	0.101	1.118	2.197	1.219	0.106	0.092	1.108		0.592866667
1.209	0.122	0.078	0.123	0.112	1.205	0.102	1.125	1.197	1.113	4.223	0.081	2.23	2.207	0.103		1.015333333
1.092	3.238	0.089	1.131	0.102	0.112	0.106	1.178	1.115	2.22	1.211	1.18	0.095	0.102	1.111		0.9388
0.105	1.128	2.106	1.099	0.121	0.108	1.228	1.214	1.115	4.234	1.121	1.144	1.092	0.24	0.105		1.077333333
0.108	1.231	3.227	2.211	2.226	0.122	1.129	2.129	1.195	2.195	1.202	1.127	1.205	0.105	0.126		1.302533333
1.111	1.081	1.223	0.128	1.119	1.107	0.119	0.104	2.125	2.221	0.111	1.21	1.106	1.118	1.121		1.000266667
0.112	2.214	0.139	1.216	0.111	3.217	2.194	0.108	0.106	0.116	1.099	2.107	1.23	1.135	0.107		1.014066667
0.121	0.095	0.104	1.125	0.107	0.08	0.109	0.136	0.1	0.101	0.1	1.104	2.138	2.219	0.115		0.516933333
1.23	0.091	2.202	1.204	3.237	1.231	1.095	0.114	1.209	2.138	1.101	1.218	2.219	1.115	3.249		1.5102
3.225	2.124	0.105	1.106	0.111	2.224	0.118	1.192	0.118	1.197	0.112	3.114	0.129	1.093	2.225		1.212866667
1.224	1.22	0.116	2.225	3.232	0.112	0.094	2.145	0.11	1.107	0.117	0.098	0.098	0.107	1.13		0.875666667
0.11	0.099	1.227	0.105	0.108	0.119	2.217	0.108	2.119	3.216	0.134	1.24	3.236	0.103	1.11		1.016733333
1.222	0.108	0.099	2.219	1.081	1.119	2.11	0.117	1.219	2.203	0.087	0.092	1.206	1.192	0.078		0.943466667
1.103	1.095	1.115	1.205	1.239	0.095	1.214	1.216	0.098	1.123	1.204	1.142	0.113	1.12	2.22		1.020133333
1.21	0.105	1.132	1.132	1.119	0.12	1.114	1.12	0.089	0.097	0.099	2.118	0.11	0.078	0.112		0.650333333
0.112	0.115	0.108	1.12	0.125	1.114	0.097	0.098	2.131	0.117	1.103	2.204	2.108	0.098	2.125		0.851666667
1.119	0.1	0.092	2.199	0.137	0.091	0.105	0.114	3.233	4.221	2.119	1.142	0.094	0.106	0.126		0.999866667
0.091	1.102	0.102	1.205	1.11	0.059	1.111	0.114	1.205	1.196	1.21	1.089	1.111	2.223	0.121		0.869933333
1.213	1.212	0.09	1.125	1.193	1.231	0.095	1.226	0.078	1.122	1.209	1.21	1.212	2.208	2.221		1.109666667
2.114	0.112	0.124	0.113	2.121	3.142	0.092	0.12	0.129	0.098	0.109	0.12	4.24	0.09	0.102		0.855066667
1.235	0.091	3.2	1.107	2.135	0.112	3.225	0.089	0.108	0.129	2.12	1.114	0.122	0.094	0.106		0.999133333
0.139	0.1	0.107	0.117	2.227	0.116	2.214	0.114	1.19	2.097	1.209	0.105	0.096	0.086	1.096		0.7342
2.217	0.104	1.118	1.18	1.107	2.211	0.097	1.109	0.103	0.118	1.121	0.112	0.116	0.109	1.206		0.801866667
1.103	0.09	0.101	0.113	3.228	1.213	0.115	1.102	0.103	1.218	0.103	1.211	1.219	1.101	0.103		0.8082
0.098	0.113	0.111	1.109	0.113	0.083	1.094	0.116	4.247	5.247	0.099	1.126	2.126	2.231	2.117		1.335333333
0.099	2.251	0.119	2.106	1.225	1.113	0.095	2.23	3.217	0.108	0.103	3.219	1.224	0.116	0.103		1.1552
0.111	1.107	1.202	1.202	0.112	4.24	2.215	3.222	0.101	1.211	1.128	0.126	0.112	0.097	3.214		1.293333333
0.096	3.24	0.099	0.133	2.124	1.203	1.127	1.207	1.108	0.118	2.227	1.212	1.146	0.081	4.227		1.289866667
0.087	1.101	1.198	0.12	0.124	0.12	0.1	3.109	2.226	0.1	1.218	0.096	0.075	0.096	1.099		0.7246
0.109	2.208	0.121	0.107	0.093	0.084	1.207	0.098	2.221	0.112	4.13	4.143	0.108	0.107	2.213		1.1374
1.202	0.107	0.113	0.087	0.085	2.124	1.122	1.217	0.13	0.094	0.085	0.103	0.118	0.116	0.1		0.453533333
0.092	1.121	0.118	1.108	1.203	0.11	2.214	2.123	0.104	3.122	0.1	0.107	1.129	3.222	1.116		1.1326
0.111	2.227	2.1	1.188	3.149	0.122	0.087	0.114	2.207	1.204	2.211	2.212	1.125	3.218	0.078		1.423533333
0.094	3.222	2.201	0.101	0.111	1.216	1.216	1.096	0.112	1.103	1.203	0.091	0.102	1.207	0.115		0.879333333
1.126	0.096	2.229	0.11	0.09	1.104	0.106	0.11	2.216	0.089	1.212	0.132	1.108	1.124	0.095		0.7298
4.113	1.2	1.208	1.223	2.222	1.215	0.117	1.1	1.132	0.121	0.118	1.23	2.216	2.205	0.107		1.3018
1.222	0.144	0.117	0.127	2.235	2.226	2.221	0.111	0.12	2.199	0.112	0.093	2.22	0.127	0.118		0.8928
0.092	0.143	1.123	1.096	0.111	0.112	0.111	1.209	1.116	3.236	1.126	1.242	3.242	1.12	0.106		1.012333333
0.125	0.094	0.097	0.083	4.244	1.217	0.12	2.124	0.12	0.117	0.121	0.109	0.105	0.11	1.119		0.660333333
1.097	2.193	2.139	1.092	0.109	0.093	0.118	0.112	1.221	0.08	0.091	0.13	0.114	1.099	0.125		0.6542
1.206	1.198	1.211	0.109	2.218	1.116	0.107	0.12	1.229	3.23	1.198	0.119	1.11	2.215	0.125		1.100733333
0.109	0.111	0.102	0.106	0.102	0.102	1.113	1.219	2.111	2.142	1.207	0.123	1.098	1.108	0.118		0.724733333
3.147	1.109	0.106	0.101	1.102	0.103	1.224	2.123	4.247	1.185	1.117	0.085	1.114	0.109	1.203		1.205
1.208	1.215	1.105	0.097	0.106	2.212	1.115	0.109	0.115	0.108	0.115	1.117	3.22	0.089	1.229		0.877333333
2.127	0.11	1.205	0.074	0.101	2.125	3.215	3.243	2.2	0.125	0.096	0.117	0.098	0.104	2.127		1.1378
1.22	3.128	1.179	0.119	3.233	0.117	0.095	1.228	0.114	2.138	2.22	2.211	0.103	4.244	1.208		1.5038
0.115	3.23	2.113	0.1	2.117	3.223	2.128	0.11	0.207	0.121	1.109	1.215	0.091	0.137	1.13		1.143066667
2.118	0.086	0.1	0.099	0.115	0.132	0.102	0.127	3.131	0.116	1.113	1.219	1.13	2.216	1.11		0.860933333
2.115	2.114	0.1	0.197	3.206	0.109	2.216	0.12	0.113	0.126	1.199	1.106	2.221	1.222	2.213		1.225133333
0.111	1.225	0.102	0.127	2.206	1.201	0.078	0.103	2.111	1.196	2.206	0.136	0.108	1.207	1.229		0.889733333
4.23	0.11	1.202	2.134	3.232	2.218	0.12	1.126	0.11	0.103	1.117	1.208	2.223	2.125	0.109		1.424466667
0.12	0.123	0.104	0.095	1.197	1.133	1.236	2.212	0.124	1.223	0.121	0.113	1.186	0.11	1.111		0.680533333
0.194	0.127	0.098	1.104	0.118	1.212	0.108	0.109	0.103	0.093	0.222	0.101	1.104	0.092	0.098		0.325533333
4.137	1.135	0.118	0.111	2.146	1.087	0.105	1.222	0.228	1.114	2.119	0.116	2.206	3.218	0.104		1.277733333
0.083	0.107	0.095	2.226	1.116	0.113	4.238	1.108	2.144	2.232	1.114	0.091	0.105	1.121	1.207		1.14
0.099	0.115	0.089	0.109	1.205	4.249	2.217	0.223	1.098	0.102	1.221	4.146	0.117	0.122	3.238		1.223333333
2.222	1.115	0.108	1.208	3.148	0.118	2.129	0.09	0.114	0.102	0.121	0.192	1.111	2.217	1.243		1.015866667
0.095	3.225	1.193	0.126	4.235	1.208	1.203	0.1	3.227	0.109	2.211	2.13	1.204	0.082	1.121		1.431266667
0.138	2.123	0.125	2.211	0.112	1.116	0.094	1.121	0.09	1.201	1.113	0.119	3.223	2.205	2.23		1.148066667
2.202	1.117	0.099	0.104	2.206	1.21	1.115	0.101	0.087	1.23	0.092	1.204	2.21	0.103	1.224		0.9536
0.126	0.119	0.118	1.223	1.127	0.136	1.213	0.131	1.207	0.104	1.2	1.101	0.118	0.073	0.127		0.541533333
1.214	1.1	1.099	1.098	0.109	0.095	2.147	0.099	1.108	1.233	2.112	0.111	1.111	1.092	2.215		1.062866667
1.227	0.134	0.105	0.128	0.114	1.126	5.228	2.235	0.112	0.08	1.115	1.131	0.12	1.126	0.092		0.9382
2.108	0.195	2.231	1.221	2.225	0.091	0.234	0.108	0.118	0.113	2.201	0.104	1.104	1.198	1.211		0.964133333
1.218	2.12	1.214	1.094	1.184	3.251	0.106	2.219	0.101	2.124	2.224	3.259	2.246	2.209	0.11		1.645266667
1.1	1.225	0.111	1.195	2.104	0.088	1.13	2.099	0.12	0.123	2.105	0.092	1.115	1.199	4.202		1.200533333
1.197	0.122	0.116	0.122	0.131	0.114	0.075	2.21	1.204	1.099	2.225	1.106	0.124	0.108	0.113		0.671066667
0.097	0.113	0.115	0.105	0.124	1.123	0.098	0.105	0.112	1.211	1.121	0.117	0.108	0.101	1.212		0.3908
1.118	0.1	0.099	1.088	0.106	2.205	0.114	1.133	0.119	2.13	1.209	1.216	2.21	1.099	1.203		1.009933333
0.11	0.116	0.106	0.097	1.203	1.138	0.102	0.104	0.124	1.176	1.116	0.112	0.122	1.117	0.112		0.457
1.214	0.097	0.099	0.118	0.082	1.089	1.116	0.103	0.089	1.121	0.092	1.123	2.212	1.216	0.108		0.6586
0.11	0.097	3.137	1.216	4.122	0.203	0.123	3.244	0.103	0.121	2.217	4.228	0.119	1.113	1.109		1.417466667
0.119	0.118	0.121	2.136	0.097	1.105	2.224	0.11	0.107	1.227	0.122	1.189	2.112	1.123	1.114		0.868266667
1.145	1.115	1.193	0.11	2.221	0.079	0.106	0.122	0.138	2.23	0.096	0.1	0.106	0.107	3.228		0.8064
0.113	1.19	1.106	0.111	1.213	0.099	1.128	2.205	0.098	0.108	0.118	0.126	1.218	0.102	1.216		0.676733333
0.098	0.096	0.127	0.112	0.119	0.112	1.211	0.109	4.218	0.115	1.128	0.099	1.112	1.114	1.207		0.7318
1.12	0.097	1.213	0.088	0.112	1.103	3.214	2.204	0.127	2.126	1.107	0.108	0.122	0.193	2.109		1.002866667
0.114	0.116	0.112	2.258	0.095	1.235	1.207	0.105	0.106	2.215	3.211	0.086	2.207	0.1	0.122		0.885933333
0.102	1.135	2.129	1.104	0.105	0.108	1.204	1.205	0.098	1.116	1.23	1.111	2.215	0.114	0.114		0.872666667
1.216	0.102	0.11	1.218	1.203	0.097	0.08	1.142	1.221	2.112	2.126	0.118	1.098	0.121	0.107		0.804733333
0.116	1.116	1.193	1.109	0.086	0.112	0.078	1.213	1.14	0.075	1.119	1.206	1.217	1.108	1.197		0.805666667
0.117	0.097	0.088	0.098	1.141	2.121	3.145	1.111	0.108	2.225	0.104	2.191	3.218	1.119	0.112		1.133
1.115	2.119	1.126	0.101	0.121	1.213	4.232	1.115	0.102	0.119	0.21	0.083	0.132	1.228	1.115		0.942066667
0.117	0.096	1.216	0.092	0.136	0.104	0.13	2.232	0.11	1.211	3.133	2.217	1.206	0.103	3.253		1.023733333
2.215	0.088	1.112	1.201	3.114	2.144	0.12	0.093	0.109	1.101	1.118	1.219	1.115	0.106	1.121		1.065066667
2.221	1.215	1.22	0.131	0.205	2.241	2.111	0.108	3.241	0.099	1.228	1.108	3.215	3.21	0.113		1.4444
0.118	2.1	2.214	0.097	1.105	0.093	0.122	0.113	1.194	3.212	2.117	0.109	0.099	1.205	4.253		1.210066667
2.124	0.127	1.115	0.096	1.083	2.104	0.115	0.112	1.109	0.095	1.209	1.221	0.202	1.105	1.211		0.868533333
2.186	1.213	0.093	0.113	3.228	0.098	0.119	1.202	0.103	0.124	0.112	0.124	0.086	1.219	0.132		0.6768
2.194	0.108	2.22	0.121	2.215	0.112	0.103	0.133	2.229	1.205	1.124	2.203	0.104	3.122	1.223		1.227733333
1.219	1.126	1.092	0.113	2.219	0.102	2.221	0.118	1.114	0.108	0.114	0.099	0.114	1.206	0.106		0.738066667
2.134	0.107	1.106	1.121	2.124	1.215	0.103	0.107	1.207	3.212	1.214	0.107	1.11	1.211	0.11		1.0792
0.121	2.217	0.113	0.108	0.107	1.116	1.206	0.101	1.124	0.1	1.216	1.116	2.124	0.113	0.123		0.733666667
0.114	1.233	1.212	1.199	0.196	0.091	1.124	0.131	0.106	1.198	0.104	1.086	0.11	1.123	0.116		0.609533333
3.225	0.101	1.128	1.107	0.106	1.204	1.123	3.128	3.232	2.128	1.122	0.226	1.184	0.113	0.108		1.282333333
0.113	0.116	3.221	2.147	1.227	1.096	1.224	1.207	0.114	1.199	2.113	0.113	1.125	0.097	2.121		1.148866667
1.206	0.089	0.11	0.11	2.114	0.128	0.107	0.1	2.209	0.131	3.222	1.104	3.219	0.091	1.2		1.009333333
0.107	0.093	0.108	0.109	2.227	1.194	0.101	2.202	0.101	0.114	2.236	2.216	0.101	1.222	0.111		0.816133333
0.109	0.109	2.227	1.229	0.128	0.101	0.109	0.107	2.218	2.198	1.107	1.127	0.091	2.129	0.103		0.8728
2.107	1.129	0.104	2.13	0.097	0.105	1.078	0.093	1.143	2.202	1.205	3.22	1.234	0.207	0.097		1.076733333
0.109	2.247	2.211	1.12	0.103	1.099	0.104	1.106	1.178	0.225	0.104	0.093	0.128	0.098	1.103		0.7352
0.107	1.133	1.111	2.222	2.218	2.221	2.223	0.113	3.104	1.108	0.098	1.206	2.14	1.1	1.209		1.420866667
1.19	3.26	1.205	1.121	0.102	2.214	0.092	0.103	0.097	1.097	0.103	0.117	0.093	1.115	0.101		0.800666667
3.122	2.221	0.087	0.1	1.215	1.215	1.212	1.198	2.245	0.103	2.232	2.118	1.222	0.089	0.11		1.2326
2.223	0.1	3.134	0.197	2.116	1.208	0.098	0.087	1.105	0.103	0.106	0.108	2.107	0.111	1.204		0.9338
1.224	2.13	1.112	0.104	3.2	0.108	1.207	1.11	2.222	1.222	1.105	0.095	3.248	0.113	0.103		1.2202
1.118	1.22	0.107	0.108	0.1	1.128	1.108	0.106	0.103	0.099	1.212	0.108	0.107	1.213	1.108		0.596333333
1.218	2.144	0.13	3.143	1.187	0.089	0.111	1.211	0.108	0.096	0.123	0.118	1.211	0.089	2.123		0.8734
0.117	0.091	0.084	3.232	1.109	0.116	1.12	0.109	2.208	0.104	2.124	0.1	2.241	1.134	1.216		1.007
1.09	0.216	0.1	0.114	1.224	3.207	0.109	1.108	0.125	0.117	2.235	3.246	5.232	1.108	0.107		1.2892
0.109	5.169	0.11	3.201	0.119	0.122	0.089	2.22	1.12	0.11	0.109	1.205	0.201	4.213	3.214		1.420733333
2.204	2.2	0.108	3.22	0.115	1.125	0.072	3.214	1.196	0.094	1.223	1.121	0.11	0.194	0.124		1.088
1.205	0.083	0.103	1.205	1.226	0.107	0.109	0.126	2.129	0.122	2.117	0.09	0.098	0.111	0.123		0.596933333
2.236	1.204	1.221	1.134	5.138	0.112	1.243	1.112	1.124	0.114	0.103	1.201	1.105	0.092	4.256		1.426333333
2.231	0.105	1.208	1.216	1.204	0.2	1.207	0.092	1.112	0.086	2.222	0.125	0.114	1.133	1.21		0.897666667
1.101	0.097	1.116	0.104	2.118	0.106	0.118	1.207	0.191	1.107	1.117	0.137	1.127	1.194	0.085		0.728333333
1.222	1.122	0.106	0.105	0.081	0.097	0.11	1.108	1.117	0.083	2.211	1.097	0.121	2.127	0.118		0.721666667
0.116	3.233	0.101	0.113	1.097	2.136	3.129	0.097	0.1	1.212	1.219	0.095	0.128	1.124	0.135		0.935666667
1.112	1.213	2.23	0.08	1.119	1.096	1.225	2.183	1.094	3.225	2.126	1.205	2.211	1.198	1.104		1.494733333
1.218	0.081	0.085	0.121	1.213	1.232	1.098	2.237	0.12	0.122	0.089	0.118	0.092	2.22	1.113		0.743933333
1.114	0.093	1.127	1.123	1.128	1.111	0.087	1.122	1.112	1.228	1.217	3.22	1.187	0.094	1.202		1.077666667
3.251	0.133	1.125	3.133	0.105	2.149	2.141	3.212	2.109	0.103	0.124	0.1	0.116	1.115	1.108		1.334933333
1.21	0.121	0.095	4.232	0.1	1.109	0.091	0.1	3.224	0.114	0.108	0.125	0.133	0.126	0.104		0.7328
2.19	1.129	1.193	0.101	0.102	1.196	0.12	0.114	1.196	1.092	0.103	2.221	0.119	0.133	1.211		0.814666667
0.106	3.225	2.12	1.121	0.104	1.215	1.207	0.112	1.133	1.137	2.23	1.1	1.115	2.212	2.104		1.3494
2.207	0.105	1.13	0.094	2.233	2.11	2.195	1.109	0.117	1.221	2.232	0.1	0.101	0.108	3.228		1.219333333
0.088	1.228	1.126	1.207	0.111	0.11	2.226	1.21	1.107	0.125	0.108	0.107	0.113	2.203	0.118		0.7458
0.102	0.088	1.215	2.134	1.106	0.094	1.22	0.138	0.122	1.114	0.114	0.111	0.101	0.11	0.108		0.525133333
0.108	1.131	0.08	1.235	0.136	1.117	0.102	0.121	1.114	0.108	1.117	0.109	2.198	1.106	1.196		0.731866667
2.212	3.208	1.187	0.114	0.095	0.125	2.11	2.123	0.126	1.216	3.225	1.211	1.118	1.195	2.138		1.426866667
0.223	1.12	1.118	2.125	0.093	1.222	0.091	1.214	0.102	3.142	4.232	1.219	0.093	1.116	0.122		1.1488
6.15	1.198	0.19	2.217	1.123	0.095	2.231	4.126	0.11	0.116	1.204	0.095	1.134	1.211	0.115		1.421
0.105	1.126	0.093	0.101	0.112	0.107	1.1	0.104	2.208	0.118	0.116	2.223	3.239	1.127	1.21		0.8726
1.222	1.102	0.096	0.104	2.208	1.104	0.142	0.118	0.096	0.093	0.107	0.09	1.179	1.109	2.114		0.7256
2.212	0.098	0.074	0.119	1.104	1.109	0.126	0.109	1.197	0.099	2.131	0.118	0.101	0.126	0.113		0.589066667
1.135	1.195	0.095	1.207	1.108	0.1	0.101	1.213	1.118	0.125	1.202	2.234	1.114	0.132	1.227		0.887066667
1.183	1.114	1.108	1.132	0.099	1.187	1.212	1.129	1.117	0.116	2.12	2.206	1.212	1.223	0.088		1.083066667
0.126	0.11	0.103	0.102	0.127	1.115	0.107	1.198	0.112	3.231	1.207	0.106	0.098	0.119	0.119		0.532
0.108	1.221	1.226	0.092	0.094	1.101	1.109	1.094	0.106	0.115	1.144	0.104	0.088	0.112	1.104		0.587866667
0.097	0.097	0.104	0.128	1.207	1.228	1.216	0.095	0.119	0.131	0.115	0.11	0.109	2.212	0.098		0.471066667
1.101	0.109	1.215	1.212	1.113	0.113	1.188	1.218	2.193	1.238	0.11	0.116	0.099	1.123	0.101		0.8166
1.203	2.213	1.132	3.234	3.211	1.214	0.123	1.115	1.221	1.103	1.185	0.1	0.121	0.12	0.105		1.16
2.205	0.103	0.119	1.108	3.135	2.216	5.22	1.203	0.091	3.218	2.203	0.104	0.144	2.239	0.116		1.5616
1.195	3.212	1.11	1.204	0.143	0.137	3.215	1.118	1.2	1.206	0.107	1.226	2.211	0.11	2.217		1.3074
1.129	0.114	0.117	0.101	2.216	0.093	0.089	0.085	0.12	6.254	3.217	1.125	0.107	0.117	1.117		1.066733333
1.13	1.189	0.123	0.104	0.105	1.122	0.089	0.095	1.094	0.104	2.223	1.106	2.114	0.116	0.117		0.722066667
0.124	2.12	0.124	1.207	0.091	1.216	0.111	0.107	1.215	3.217	0.085	1.202	1.106	0.113	0.109		0.8098
1.21	0.091	1.217	0.102	0.112	2.104	1.233	0.116	0.123	0.106	0.089	0.108	0.228	0.106	0.116		0.470733333
1.113	0.123	1.101	2.125	2.22	3.225	1.204	2.234	1.105	1.1	1.11	0.099	0.113	0.11	0.089		1.138066667
2.125	3.211	0.101	1.091	0.099	0.097	0.124	1.205	0.114	0.1	0.118	0.109	0.125	2.214	1.229		0.804133333
0.09	2.201	0.105	1.217	1.212	2.223	2.137	1.199	2.195	0.207	1.225	1.117	0.106	0.105	0.109		1.029866667
0.237	1.111	2.229	0.09	1.116	1.191	0.097	2.127	1.212	0.087	2.113	1.132	1.131	2.112	0.089		1.0716
1.121	2.208	1.204	2.212	2.231	1.124	1.229	2.215	1.119	0.094	0.123	2.204	0.104	0.099	0.136		1.161533333
2.13	0.109	0.122	2.222	1.217	0.121	0.102	1.153	0.099	0.117	1.196	1.103	1.125	2.233	0.097		0.8764
0.093	0.214	0.125	0.116	0.107	2.225	0.092	0.101	1.109	1.106	1.115	0.112	0.119	1.112	1.208		0.596933333
0.108	1.114	0.094	0.125	1.207	1.1	1.222	1.116	0.23	1.121	2.216	1.217	0.09	2.207	0.104		0.884733333
1.098	1.227	2.224	0.079	1.222	0.102	0.11	1.206	0.121	4.253	0.107	1.119	0.116	3.242	4.214		1.362666667
1.22	0.112	1.121	3.208	2.148	0.097	0.079	0.088	0.097	2.233	1.248	1.224	2.232	0.094	2.206		1.160466667
1.21	0.09	1.224	0.1	3.247	0.136	2.2	2.227	0.114	2.122	1.208	1.201	0.098	0.114	0.108		1.0266
0.124	0.109	0.105	0.111	0.126	0.122	0.105	1.1	0.124	1.094	0.115	0.106	1.131	1.196	0.115		0.385533333
2.216	1.138	4.222	1.235	5.24	1.192	0.099	4.268	2.128	1.209	0.11	1.106	0.111	1.092	0.095		1.6974
2.221	1.239	1.242	1.11	0.108	1.2	1.119	1.119	0.112	1.137	1.129	1.205	0.087	0.104	0.12		0.883466667
1.196	2.201	2.216	1.236	2.209	0.105	0.095	1.138	2.117	0.11	3.239	2.214	1.118	0.094	0.11		1.2932
1.084	3.227	2.212	2.144	0.188	1.12	1.114	3.207	1.208	4.221	2.236	1.095	2.194	1.106	0.117		1.764866667
0.114	0.106	2.218	1.209	0.091	2.237	0.103	0.105	0.106	0.126	1.205	1.22	2.234	2.206	0.075		0.890333333
4.224	1.212	2.133	3.227	0.109	0.11	1.218	1.194	0.121	0.1	2.156	1.188	1.207	0.131	0.078		1.2272
0.106	1.112	0.11	0.098	2.123	0.099	1.116	0.129	2.208	1.224	0.1	0.108	0.103	1.111	1.115		0.724133333
1.196	1.203	2.216	0.11	2.212	1.214	1.214	1.117	1.198	2.12	3.213	0.106	5.235	1.118	1.1		1.638133333
2.121	0.114	0.129	1.206	0.127	0.095	0.096	0.106	1.123	0.104	0.127	1.198	1.206	0.132	2.235		0.6746
1.209	0.105	0.084	1.126	0.102	1.106	0.097	0.116	0.109	1.201	2.202	2.121	1.124	1.219	0.104		0.801666667
0.108	2.115	2.195	0.126	0.095	1.212	0.118	1.187	0.118	0.094	2.231	0.095	0.096	2.231	1.114		0.875666667
0.074	1.13	1.214	1.21	0.099	1.124	1.117	0.092	1.105	0.126	0.107	1.197	2.209	0.104	0.103		0.734066667
2.205	0.103	1.108	2.135	0.116	1.214	1.21	1.082	0.106	1.232	1.124	1.138	0.116	0.092	0.118		0.873266667
1.205	0.098	0.116	1.213	1.212	1.11	2.201	1.095	0.098	2.147	1.215	1.206	0.108	1.131	1.112		1.0178
2.12	1.222	0.12	1.113	0.104	0.138	0.123	0.124	1.206	1.211	2.111	0.115	0.105	0.105	1.209		0.741733333
0.117	0.111	0.109	1.203	1.126	2.216	2.223	4.246	0.099	4.152	0.111	0.122	1.125	0.115	0.112		1.1458
2.223	1.179	2.226	2.214	0.11	1.108	0.073	2.216	2.204	0.12	0.087	1.105	1.088	2.219	0.084		1.217066667
0.106	0.094	1.18	0.082	1.225	1.133	1.101	0.09	1.102	2.226	1.104	0.097	0.094	0.117	0.083		0.6556
2.225	1.096	1.122	2.225	2.133	0.109	1.214	2.218	0.106	0.102	1.213	1.23	0.107	1.215	0.109		1.094933333
1.195	2.212	1.109	1.116	0.111	0.105	1.235	0.228	1.105	0.095	0.083	2.125	1.21	1.111	2.134		1.0116
0.099	1.218	0.093	1.117	4.228	0.099	0.13	0.088	1.216	0.083	1.118	0.085	1.107	0.134	2.213		0.868533333
0.117	0.102	0.108	0.122	1.195	1.191	1.201	3.133	2.118	0.106	0.108	1.213	1.137	0.106	1.123		0.872
1.149	0.088	1.212	0.094	0.106	0.129	0.096	2.2	3.225	0.094	0.111	0.102	0.127	1.109	0.104		0.663066667
0.086	1.092	0.119	3.23	0.136	0.116	0.096	1.204	2.196	0.117	0.13	0.097	1.125	1.243	1.132		0.807933333
1.119	1.1	0.119	1.213	2.107	1.098	0.108	0.11	1.128	0.194	1.097	2.123	1.21	2.215	0.113		1.0036
0.089	0.1	1.121	0.118	2.216	1.227	0.118	1.114	1.199	1.137	5.245	1.11	1.124	0.081	0.101		1.073333333
0.108	0.104	1.128	1.119	0.099	0.129	1.215	0.102	5.15	0.108	2.216	1.226	1.119	0.112	3.222		1.1438
0.096	3.229	0.194	0.102	0.067	0.118	2.132	1.118	2.209	1.147	1.224	3.247	0.113	1.133	2.214		1.222866667
0.119	1.222	0.098	0.135	0.118	0.11	3.224	1.215	0.093	3.223	1.207	0.117	0.107	0.117	0.118		0.7482
0.092	0.096	2.131	3.225	1.208	1.179	1.217	0.118	0.107	2.236	1.115	0.102	0.109	1.199	0.108		0.949466667
3.239	0.112	1.212	0.1	0.085	0.094	2.131	0.091	2.14	1.137	1.108	3.235	2.211	0.118	1.101		1.2076
0.119	1.111	0.107	1.103	0.113	0.127	0.128	0.101	1.112	2.202	0.113	1.21	0.099	0.114	1.242		0.600066667
2.207	1.129	2.19	1.211	2.121	0.107	2.212	0.112	4.257	0.114	0.1	0.112	0.089	2.12	1.114		1.279666667
1.109	0.115	1.204	0.095	0.102	1.147	0.108	2.127	0.106	0.107	1.194	0.13	0.109	1.205	1.118		0.665066667
0.108	0.102	1.102	0.121	1.197	0.119	0.106	0.217	1.195	0.1	0.116	1.095	1.214	0.091	1.112		0.533
1.19	0.123	1.205	0.091	0.114	1.208	1.131	0.102	0.112	0.123	1.197	0.218	1.226	0.109	0.121		0.551333333
1.205	1.223	1.127	2.148	3.22	0.112	1.197	2.114	5.227	3.211	0.126	1.098	0.116	0.101	0.118		1.489533333
0.133	2.13	0.106	1.198	2.212	1.117	1.215	2.215	3.229	2.235	0.089	1.113	1.119	1.123	0.108		1.289466667
0.101	1.109	1.205	2.124	0.114	0.104	0.095	1.103	0.102	2.119	1.116	1.103	2.109	0.13	2.2		0.988933333
0.106	2.196	0.104	0.115	1.23	1.089	0.113	0.094	0.108	2.215	0.111	0.127	1.221	0.13	1.144		0.673533333
0.099	2.209	2.14	0.117	1.207	0.127	2.124	0.111	3.249	2.115	1.131	0.105	1.106	0.107	2.21		1.210466667
2.209	3.218	0.119	0.1	0.099	0.102	1.228	1.21	2.106	2.196	0.122	4.233	0.099	1.126	1.12		1.2858
0.132	1.213	3.228	5.231	0.102	1.213	3.229	0.122	1.217	0.116	1.107	0.104	1.099	0.107	0.197		1.2278
0.114	2.121	3.226	3.208	0.132	3.219	0.118	0.1	0.123	0.129	0.101	1.113	1.198	1.223	1.137		1.1508
0.116	0.117	2.115	0.112	1.085	1.22	0.115	0.127	3.236	0.11	0.116	1.218	1.115	0.092	1.091		0.799
0.1	1.204	1.223	1.214	1.215	2.14	1.115	1.217	0.119	2.222	1.113	2.117	2.217	1.1	0.123		1.229266667
1.226	1.12	0.107	0.1	1.114	1.223	0.113	0.109	0.117	1.116	0.104	1.197	0.114	1.195	0.093		0.6032
1.122	2.22	2.112	0.12	0.103	3.126	0.131	0.113	2.207	1.205	0.119	0.103	2.248	1.129	0.089		1.076466667
2.203	0.11	2.233	0.134	0.121	1.211	4.232	3.124	0.117	0.117	3.231	1.114	0.107	0.106	0.112		1.218133333
1.119	0.104	0.106	2.123	0.107	2.128	1.188	0.118	0.089	0.091	2.207	0.105	1.122	1.109	0.094		0.787333333
0.11	0.097	1.118	0.1	0.118	0.127	1.114	1.239	3.246	0.121	2.107	0.111	2.126	1.211	0.107		0.870133333
0.111	0.099	3.238	0.115	0.124	0.114	1.118	2.119	1.113	0.096	0.105	1.229	0.111	0.099	0.105		0.659733333
0.107	0.118	0.122	0.115	0.115	2.228	1.12	2.205	1.209	1.1	2.213	0.116	1.213	0.115	1.22		0.887733333
1.181	0.104	0.11	4.251	1.202	2.225	0.102	1.221	2.131	2.21	0.095	1.13	0.116	0.1	1.115		1.152866667
3.143	0.13	1.215	1.209	0.106	0.107	0.211	1.21	0.197	1.099	1.107	0.12	2.102	0.145	2.215		0.9544
1.197	1.2	2.134	0.108	1.121	1.109	0.088	2.123	2.121	1.226	0.122	0.118	3.221	1.107	0.132		1.1418
1.219	2.119	1.208	0.123	1.1	0.097	0.109	0.114	1.141	1.105	0.12	1.14	0.102	0.11	2.205		0.8008
2.109	2.224	0.092	0.118	1.117	0.212	1.092	1.206	1.222	3.242	0.142	1.09	1.13	1.213	0.1		1.087266667
0.112	0.096	0.117	0.116	0.114	2.117	1.213	1.105	3.133	2.214	0.115	2.201	0.115	3.138	0.137		1.069533333
1.126	0.065	3.213	1.098	1.213	0.118	0.118	1.207	1.208	1.111	3.237	1.121	0.107	1.129	0.108		1.0786
1.232	1.202	0.206	1.217	0.108	1.117	1.1	0.101	1.232	1.134	1.198	1.206	1.205	0.104	0.096		0.830533333
0.101	0.121	2.116	0.075	0.096	0.107	0.095	1.13	2.213	1.107	1.121	0.094	0.097	1.2	2.201		0.7916
1.124	2.124	1.119	1.109	0.082	2.183	0.085	1.125	0.094	2.216	0.107	1.117	0.107	0.088	1.232		0.927466667
1.21	1.215	0.081	1.231	3.239	1.207	1.215	2.236	0.136	1.105	0.133	3.219	0.136	0.105	1.133		1.1734
2.127	0.094	2.218	0.117	1.219	2.135	3.111	3.2	2.121	0.119	1.096	1.199	0.109	1.204	1.121		1.412666667
1.209	0.1	1.111	0.113	0.126	2.225	2.221	0.094	1.197	0.107	0.187	0.101	0.113	1.212	1.19		0.753733333
1.107	0.096	0.124	0.114	0.1	0.109	0.106	1.223	1.125	1.128	0.088	0.102	1.209	1.137	1.122		0.592666667
2.11	1.205	1.187	1.113	0.103	1.114	2.251	0.107	2.198	2.221	2.137	0.107	1.113	2.227	1.127		1.354666667
0.103	0.119	1.103	0.102	1.134	1.189	0.09	0.121	0.127	1.089	0.114	0.108	2.209	0.124	0.102		0.522266667
1.113	1.123	2.223	1.101	1.105	2.115	0.098	1.1	0.101	0.096	0.109	0.11	1.131	3.188	0.097		0.987333333
2.211	2.125	2.217	1.207	1.21	0.119	2.205	0.11	2.223	0.106	1.11	1.213	0.1	0.225	0.103		1.098933333
0.101	0.077	1.215	2.222	0.115	1.24	2.21	0.091	1.211	0.107	0.119	4.23	1.109	2.125	3.211		1.2922
3.137	1.206	0.111	3.226	0.128	0.09	1.137	1.129	0.106	0.111	0.104	2.204	0.107	0.115	2.217		1.008533333
0.102	0.125	2.207	0.204	1.096	0.093	2.209	0.107	1.125	0.107	0.117	0.117	1.228	0.095	1.12		0.670133333
0.1	1.104	0.116	2.122	0.109	2.122	1.218	1.208	0.102	1.21	0.106	1.097	0.128	1.218	1.109		0.871266667
1.209	2.202	2.222	3.211	1.11	0.104	1.117	1.131	2.219	1.117	0.102	2.211	0.128	0.13	1.2		1.2942
0.094	0.134	0.146	0.088	0.137	0.111	0.09	0.094	0.136	2.105	1.122	1.229	0.092	0.089	1.206		0.4582
1.098	3.207	1.207	0.107	0.127	1.12	2.225	1.134	0.103	2.241	2.209	0.124	1.095	0.114	3.216		1.288466667
0.092	1.093	0.103	0.1	3.215	1.22	0.119	3.148	1.208	1.135	1.119	0.102	1.211	0.106	0.099		0.938
0.116	1.118	0.121	0.117	2.201	1.208	0.096	1.141	1.119	0.122	0.099	2.134	0.102	0.112	1.117		0.7282
3.238	1.206	0.092	0.125	1.199	3.214	0.106	2.218	1.134	1.213	0.116	1.194	0.119	1.103	0.123		1.093333333
1.219	0.128	0.101	1.219	1.105	1.115	1.121	0.11	1.184	0.1	0.116	1.128	0.109	0.109	1.237		0.6734
2.124	0.125	1.115	0.104	0.094	1.211	0.122	0.105	1.195	1.115	1.203	1.237	1.224	0.119	1.113		0.813733333
0.105	0.096	0.114	2.209	0.121	0.107	2.216	2.241	0.102	1.094	0.12	0.089	0.1	0.097	1.202		0.667533333
0.113	0.079	1.221	0.226	2.236	0.118	0.097	0.084	2.132	0.096	2.114	2.203	0.101	2.218	0.122		0.877333333
4.238	0.108	0.097	1.124	1.112	1.125	1.129	1.207	0.097	0.1	0.114	1.123	1.122	0.106	0.112		0.860933333
1.213	0.123	0.106	1.115	3.249	0.109	0.105	1.218	3.23	0.139	0.11	0.105	1.108	0.102	0.124		0.8104
0.116	0.123	2.138	0.117	1.14	0.113	1.136	1.115	0.119	0.099	1.209	0.114	1.197	0.094	1.126		0.663733333
1.116	2.191	1.216	0.097	1.201	0.111	0.101	2.211	1.211	0.228	0.095	2.19	1.127	1.124	0.105		0.954933333
2.116	0.099	2.111	0.102	1.23	1.207	1.226	0.118	0.161	0.108	0.103	1.101	1.195	1.206	2.196		0.951933333
1.205	2.218	1.206	0.123	1.104	1.115	0.091	1.088	2.115	0.108	0.129	0.108	0.117	1.117	0.109		0.796866667
3.126	3.238	0.103	2.224	1.214	0.122	0.112	0.12	0.099	0.104	0.106	2.228	0.129	2.206	0.105		1.015733333
2.218	4.254	1.13	1.215	0.116	0.108	1.109	1.229	0.091	0.087	0.094	1.088	1.212	1.104	0.102		1.010466667
2.204	1.211	2.221	3.145	1.122	0.079	1.213	1.11	0.114	0.116	0.114	1.237	2.125	0.128	0.105		1.082933333
1.195	1.118	0.097	0.108	0.116	1.088	1.121	0.102	1.215	0.106	2.236	0.104	1.113	1.212	1.109		0.802666667
0.131	1.226	1.217	0.094	0.111	0.111	1.127	1.125	1.115	0.113	1.12	1.11	1.223	1.126	0.115		0.7376
0.095	1.113	1.126	0.091	3.222	1.193	0.102	3.237	0.115	0.109	2.225	1.128	1.115	0.109	2.186		1.1444
1.108	0.093	1.113	0.113	1.106	0.098	0.111	0.128	1.225	0.089	0.102	3.227	2.218	0.097	1.12		0.796533333
3.239	0.1	1.224	0.091	0.126	0.106	1.206	3.237	0.089	0.102	3.214	0.129	0.106	0.096	0.119		0.878933333
0.096	1.209	2.13	1.2	0.102	2.124	0.097	0.114	1.106	0.124	0.123	1.135	1.209	0.114	0.088		0.7314
0.104	0.11	0.099	3.228	0.099	1.11	3.207	1.231	0.099	1.114	1.2	0.105	1.113	2.201	0.122		1.009466667
1.107	3.208	0.091	0.084	1.207	0.107	1.221	1.126	1.219	0.123	2.141	1.124	1.2	0.114	0.096		0.944533333
0.111	1.211	0.136	4.22	2.211	0.107	0.096	1.203	0.115	1.18	0.113	0.116	0.108	1.195	0.097		0.8146
0.111	1.108	0.097	1.213	3.237	1.226	2.112	0.102	2.106	0.099	1.109	1.223	0.1	1.218	1.122		1.078866667
0.118	1.124	2.217	1.129	2.221	0.105	2.207	0.109	0.102	1.115	2.214	1.122	0.112	1.11	2.211		1.147733333
0.103	0.093	0.133	2.214	0.109	0.091	2.232	1.106	2.213	2.181	0.112	1.103	1.209	5.239	1.088		1.281733333
0.127	1.209	0.109	0.109	1.202	1.113	0.095	2.219	2.22	1.108	0.097	1.215	0.097	0.204	2.224		0.889866667
0.077	0.115	1.121	0.101	3.228	1.124	2.13	1.15	2.207	1.232	1.12	0.104	0.076	0.131	1.126		1.0028
0.114	0.111	0.137	0.115	1.134	2.206	0.111	1.23	1.083	1.129	2.208	0.1	1.117	1.13	1.227		0.8768
2.228	0.111	0.115	0.101	2.241	0.104	2.219	1.211	1.221	0.13	3.234	1.11	3.231	2.123	0.093		1.298133333
0.105	1.138	2.24	0.095	0.107	0.107	0.1	1.214	2.105	1.212	0.089	1.212	2.217	0.127	1.177		0.883
1.113	1.113	0.097	0.194	0.089	1.201	0.109	0.094	0.113	1.119	0.118	0.221	0.115	0.126	1.119		0.462733333
1.239	3.246	1.127	1.117	0.112	0.123	1.123	1.093	0.081	1.115	1.222	1.121	4.249	2.24	0.088		1.2864
0.113	1.234	1.139	0.112	0.101	4.247	0.096	1.214	1.231	1.211	0.11	1.109	4.214	0.114	0.124		1.091266667
2.238	0.104	0.12	0.118	1.116	1.2	3.223	1.092	1.126	0.118	0.109	2.135	1.203	4.217	1.184		1.286866667
1.204	0.1	0.117	2.112	0.103	1.116	1.126	1.193	3.231	0.097	0.117	0.085	2.121	1.223	0.111		0.937066667
2.215	0.104	1.212	0.093	1.105	1.197	2.207	0.113	0.11	2.125	2.129	0.214	1.198	0.106	2.114		1.0828
2.225	1.123	4.237	0.106	0.11	1.212	1.095	2.126	0.088	0.095	1.122	1.13	0.108	2.12	0.106		1.133533333
1.204	0.127	0.124	1.196	1.226	1.122	0.108	0.1	0.107	0.105	1.106	1.076	2.143	2.211	0.098		0.803533333
1.114	2.138	0.101	0.122	1.121	0.11	1.19	1.224	0.126	0.113	3.212	2.204	1.13	1.206	1.222		1.088866667
0.094	0.112	0.105	0.117	0.117	0.103	2.119	0.126	2.198	0.122	0.23	1.214	2.216	0.103	2.236		0.747466667
0.223	1.21	4.234	0.12	1.118	1.072	2.198	0.101	1.118	1.195	0.09	0.105	0.117	1.115	0.099		0.941
2.099	0.114	1.181	0.105	0.092	1.227	1.11	0.095	1.203	0.105	2.125	0.12	0.123	0.099	0.094		0.659466667
0.102	2.211	0.114	0.102	0.103	0.113	2.218	0.099	1.107	2.214	0.105	0.121	0.119	1.121	2.123		0.798133333
2.226	2.207	1.217	0.095	0.1	1.197	1.128	0.109	0.13	0.12	2.246	0.093	0.105	1.209	4.247		1.095266667
0.113	0.096	1.115	0.1	0.088	1.126	2.233	0.103	0.109	0.124	1.206	1.13	1.098	2.228	1.196		0.804333333
0.097	0.11	0.091	1.106	1.237	0.086	0.113	3.212	0.096	2.108	0.105	1.116	0.123	1.113	0.113		0.721733333
1.112	1.131	0.119	1.207	0.124	0.107	1.141	0.112	0.095	0.109	0.112	1.217	2.215	4.238	1.118		0.9438
2.228	0.093	0.097	1.112	0.12	1.124	0.112	2.215	3.236	0.088	1.129	1.12	3.149	0.091	1.227		1.142733333
3.209	2.219	0.115	1.205	0.103	0.13	0.116	2.13	0.102	0.136	1.114	1.123	2.23	1.213	1.126		1.084733333
1.222	0.114	1.117	0.13	0.113	1.213	0.091	1.22	0.089	1.221	0.093	1.199	0.102	0.094	1.099		0.6078
0.132	2.224	0.089	1.214	2.138	1.109	0.098	0.122	0.114	0.108	0.128	2.116	2.209	1.12	2.201		1.008133333
1.209	1.125	2.219	3.127	1.141	0.098	0.203	1.12	0.087	1.125	0.208	0.114	0.088	0.088	1.215		0.8778
0.096	2.224	2.137	1.239	1.209	2.125	0.128	1.106	0.119	1.209	0.117	0.141	0.119	0.106	2.122		0.946466667
1.123	0.106	0.104	1.14	0.117	2.214	0.09	1.122	0.109	1.124	0.1	0.115	3.215	1.194	0.09		0.797533333
1.212	1.094	0.102	0.119	1.219	2.121	2.106	1.209	1.106	0.12	0.123	0.116	1.207	1.217	0.11		0.878733333
0.103	0.12	1.211	0.095	1.122	0.116	0.133	2.14	0.126	2.208	0.109	1.201	2.116	0.099	1.1		0.799933333
2.185	2.24	0.105	0.117	2.107	1.198	1.113	0.107	1.113	1.191	2.205	0.107	1.197	1.126	0.132		1.082866667
0.111	2.124	0.117	1.197	1.238	0.11	1.214	0.12	1.2	0.106	1.121	2.108	2.113	1.211	0.129		0.947933333
0.118	0.101	0.089	2.141	0.115	1.112	2.099	1.183	1.114	0.101	1.098	0.1	0.109	1.103	0.091		0.7116
0.109	0.094	2.243	1.216	0.095	1.104	1.212	1.124	0.082	2.13	0.213	0.103	0.112	0.122	0.126		0.672333333
0.116	1.212	2.12	0.105	0.091	1.22	1.122	3.215	1.107	1.111	2.125	1.18	0.129	1.2	1.237		1.152666667
0.113	0.111	0.116	3.109	0.093	0.118	1.188	1.119	2.209	0.114	1.195	1.113	1.105	0.113	2.111		0.928466667
0.114	1.125	0.08	1.207	0.119	0.103	0.089	5.248	0.098	0.099	1.103	0.093	0.109	1.191	0.109		0.7258
3.238	0.107	2.205	0.103	0.103	1.148	1.12	0.124	1.132	1.217	1.118	2.223	0.112	0.107	0.096		0.943533333
0.094	1.127	1.199	1.204	0.084	1.203	1.105	0.094	2.139	0.108	1.234	2.125	0.112	2.111	0.1		0.935933333
0.085	0.119	1.143	0.139	1.115	0.116	0.108	0.097	1.113	2.237	1.215	0.12	1.222	1.11	1.208		0.743133333
0.095	1.134	1.118	1.104	1.118	0.103	1.223	1.203	1.203	1.184	2.224	0.096	0.133	2.218	1.109		1.017666667
1.204	0.093	0.103	0.122	2.204	1.1	0.117	0.121	1.224	1.193	0.093	1.224	0.085	2.217	0.13		0.748666667
2.11	0.1	2.216	1.083	0.128	1.204	0.071	1.218	1.122	1.106	0.092	0.101	0.106	0.1	0.108		0.724333333
2.235	0.097	0.086	1.121	1.211	1.117	3.228	0.09	1.135	0.108	1.193	1.122	0.123	0.107	2.219		1.0128
0.103	0.108	2.114	1.203	0.099	0.118	3.121	0.124	3.208	1.214	1.132	1.126	0.118	0.09	1.199		1.005133333
0.103	0.099	0.106	3.141	1.11	4.232	0.113	0.128	0.121	1.196	0.099	1.197	0.123	1.2	0.102		0.871333333
3.228	0.198	0.1	1.211	2.235	1.209	0.094	1.119	2.218	1.111	1.118	0.115	2.233	0.098	0.106		1.092866667
2.115	0.12	0.094	2.111	0.116	0.113	0.081	0.115	0.11	1.188	2.221	1.12	0.121	0.108	1.106		0.7226
1.205	0.116	0.101	0.117	0.097	2.226	2.228	1.217	1.214	0.11	2.12	2.12	0.091	3.2	0.089		1.0834
1.088	0.129	0.081	3.231	1.238	0.085	1.129	0.114	0.099	0.092	0.108	2.216	2.22	0.109	1.205		0.876266667
1.202	1.119	0.11	4.23	1.113	0.108	0.087	0.102	1.107	0.121	3.217	0.103	1.218	2.222	2.218		1.218466667
0.126	1.219	0.113	0.087	0.108	0.109	0.103	0.082	0.109	2.123	0.114	0.101	0.098	0.1	0.113		0.313666667
0.1	0.118	0.114	0.201	0.119	0.099	1.098	3.206	1.103	1.22	1.095	1.119	3.13	1.093	1.226		1.002733333
0.099	0.13	0.094	2.116	1.208	1.12	1.189	1.208	3.228	1.119	0.074	3.233	1.121	3.232	1.107		1.351866667
0.124	0.105	0.113	1.219	0.094	0.081	1.228	0.11	0.104	3.198	3.251	0.115	0.101	2.224	1.216		0.885533333
2.218	0.093	2.213	0.093	0.117	3.213	2.114	1.125	0.119	0.109	0.117	0.09	0.097	1.101	0.087		0.8604
2.13	0.122	0.106	1.113	0.113	2.209	0.208	1.108	2.24	1.223	1.19	0.122	0.114	0.117	0.121		0.815733333
0.121	3.244	0.121	2.225	1.137	0.117	1.1	0.207	3.12	0.116	1.218	1.228	1.195	0.098	2.21		1.1638
4.244	0.091	1.207	0.102	0.108	3.228	1.23	1.107	2.241	0.129	0.086	0.094	2.137	0.116	0.101		1.0814
1.22	1.103	1.105	1.223	1.101	1.208	1.113	0.101	3.2	0.11	1.118	3.218	0.099	0.112	0.112		1.0762
1.198	2.201	0.181	2.15	1.207	1.11	0.108	3.141	0.115	0.124	2.219	3.232	0.119	3.246	1.206		1.437133333
1.108	1.236	1.101	1.194	1.21	1.098	0.101	1.215	1.098	0.129	1.109	2.137	1.209	0.113	2.111		1.077933333
1.108	0.104	0.2	1.127	1.117	0.113	0.119	2.205	0.105	1.122	2.223	1.211	0.114	1.116	3.216		1.013333333
2.235	2.201	1.108	0.111	2.221	0.134	0.103	4.216	1.213	2.204	0.126	0.087	0.121	0.124	2.212		1.227733333
0.093	2.207	1.092	0.101	0.122	1.204	2.203	1.205	1.143	0.114	1.116	0.1	2.137	2.238	1.102		1.078466667
1.123	0.12	0.097	0.106	0.103	1.215	0.103	0.108	1.129	1.231	2.229	1.137	0.101	0.097	1.242		0.676066667
3.24	1.123	1.212	1.207	0.103	0.134	2.242	0.083	3.216	1.091	0.122	1.13	0.124	0.099	3.221		1.223133333
1.207	2.104	1.127	0.143	0.116	1.107	0.111	1.124	0.11	0.123	0.089	1.233	0.096	2.228	1.111		0.801933333
0.118	1.216	1.217	0.099	0.109	0.109	1.09	2.212	0.112	1.218	0.126	0.097	1.219	1.127	0.106		0.678333333
0.131	0.122	1.11	0.072	2.12	1.098	1.117	0.097	1.224	1.13	2.192	1.115	0.104	0.092	1.137		0.8574
1.123	1.126	3.218	3.202	0.115	2.212	1.196	0.109	2.109	2.205	1.11	1.232	1.205	0.106	3.243		1.5674
0.112	1.115	0.109	1.226	0.093	6.249	1.116	3.257	1.127	0.09	0.116	0.116	0.095	0.09	1.193		1.0736
3.215	0.119	1.114	1.112	2.219	0.103	0.216	1.215	0.122	1.216	1.194	1.139	0.108	0.094	1.224		0.960666667
0.089	1.197	1.187	2.195	1.111	0.105	0.108	2.216	2.206	1.121	2.208	0.121	1.115	0.101	0.111		1.012733333
1.198	0.115	2.132	1.091	0.109	1.209	0.096	0.12	2.119	1.102	2.126	1.211	0.113	0.125	2.13		0.999733333
1.1	1.107	0.098	0.099	1.218	3.116	0.106	0.106	2.221	1.209	3.231	3.235	0.117	3.225	0.122		1.354
0.107	0.09	0.11	0.104	2.21	2.233	0.111	0.12	1.095	0.119	0.099	0.121	1.192	0.106	0.109		0.5284
0.108	1.105	1.207	1.217	2.211	3.218	1.106	0.112	0.117	0.097	0.1	2.21	0.121	0.118	0.113		0.877333333
0.13	0.107	0.096	1.106	5.259	0.149	1.218	1.221	0.091	2.217	0.104	2.245	1.182	1.112	1.108		1.156333333
0.108	1.213	0.126	0.106	2.107	0.107	1.112	1.117	1.222	1.217	1.114	1.139	1.124	0.084	1.124		0.868
1.113	1.099	2.203	0.115	0.243	1.23	0.1	1.111	0.088	1.141	1.194	0.09	1.116	0.096	0.098		0.7358
0.104	4.239	0.106	0.101	0.085	1.125	0.098	0.118	2.218	0.105	1.2	2.222	0.114	1.128	2.242		1.013666667
0.114	1.198	0.128	0.099	2.129	0.119	0.111	2.22	1.21	0.122	0.082	1.2	1.213	0.124	1.128		0.746466667
0.077	3.111	2.227	2.229	2.212	2.127	0.133	0.106	1.111	1.2	1.114	0.13	1.115	1.193	1.111		1.279733333
0.116	3.215	1.195	1.211	0.071	1.209	2.209	0.117	0.103	1.122	1.189	1.125	0.104	2.204	0.097		1.019133333
1.203	1.119	3.142	1.103	1.192	1.212	1.203	0.094	3.22	1.218	0.099	4.232	0.113	0.095	1.216		1.364066667
0.109	1.185	2.238	1.202	0.13	0.099	1.099	1.213	1.097	0.106	2.136	1.202	1.221	2.206	0.115		1.023866667
1.133	2.124	1.092	1.227	1.112	0.093	0.106	1.088	1.219	0.091	0.195	0.107	1.13	1.117	0.089		0.794866667
0.136	1.129	0.125	4.145	1.098	0.107	0.095	1.216	0.068	1.107	1.131	1.199	1.19	0.11	0.099		0.863666667
1.223	3.248	0.099	0.123	0.115	0.103	1.208	0.106	0.195	1.207	0.104	1.122	1.131	0.128	1.107		0.747933333
0.099	0.1	1.123	0.201	0.113	0.106	0.108	0.122	2.12	2.141	0.109	0.103	1.13	0.114	5.234		0.861533333
2.2	2.23	3.208	0.1	0.191	2.238	0.086	0.095	0.102	0.121	2.136	0.115	0.119	3.213	0.097		1.0834
0.102	0.096	0.111	0.13	0.128	2.226	0.12	1.123	0.108	0.116	3.24	1.116	0.1	0.098	1.222		0.669066667
1.131	2.226	0.107	0.103	2.128	3.216	1.124	0.095	1.114	0.117	1.208	1.207	0.085	0.092	0.123		0.9384
0.094	3.225	0.121	3.143	0.128	1.202	2.221	1.101	3.213	0.107	1.115	4.231	0.107	1.091	1.107		1.4804
2.224	0.112	1.207	1.129	1.105	3.127	1.23	1.121	0.116	0.206	1.213	0.121	1.126	1.21	1.114		1.090733333
1.197	1.211	0.112	0.124	1.127	0.095	3.123	2.226	0.104	0.117	0.119	0.104	4.249	0.13	1.133		1.0114
1.118	0.122	2.102	1.24	1.206	0.112	2.218	0.109	0.121	0.099	0.108	0.102	0.107	1.107	1.207		0.738533333
4.246	0.105	1.141	0.124	0.115	1.218	0.11	0.116	0.115	1.135	0.103	1.111	0.096	0.107	0.099		0.662733333
0.103	1.23	0.101	2.134	2.205	1.11	0.11	2.235	2.225	0.092	1.203	0.103	0.096	0.116	2.145		1.013866667
2.218	0.106	0.125	0.109	1.237	1.223	1.123	0.117	0.103	1.214	3.145	1.211	3.215	2.138	1.217		1.2334
0.109	1.142	1.223	0.119	0.08	0.079	0.12	1.197	1.136	1.13	2.225	3.217	0.118	1.213	0.104		0.8808
0.115	0.106	1.093	0.124	1.11	0.104	1.228	2.12	1.212	0.1	0.114	2.217	2.205	1.122	0.11		0.872
0.133	0.1	1.191	1.201	4.244	0.101	0.129	3.214	1.199	0.094	0.104	0.116	3.135	0.1	0.095		1.0104
0.092	1.222	2.226	2.14	2.208	1.134	0.105	0.118	0.08	1.122	0.113	1.201	0.101	0.118	1.112		0.8728
3.248	1.122	1.193	1.123	1.147	0.114	0.13	1.218	0.116	2.205	0.115	0.101	1.196	0.105	3.239		1.091466667
1.23	0.12	3.135	1.205	0.121	4.219	1.127	2.141	0.102	1.106	1.106	0.125	0.112	1.205	1.207		1.2174
1.214	2.126	2.208	1.119	1.199	0.118	2.226	2.198	1.106	0.09	2.121	1.136	0.111	2.217	1.194		1.358866667
1.121	2.219	1.21	1.208	1.089	1.204	1.126	2.204	0.127	1.201	0.1	0.115	2.223	1.228	0.101		1.0984
4.139	0.113	0.115	1.201	0.129	0.121	0.133	2.103	0.128	0.103	1.233	1.23	1.214	1.216	1.132		0.954
4.213	3.223	0.101	0.099	1.204	0.08	0.134	0.094	0.099	0.124	1.135	0.111	2.129	0.11	2.215		1.004733333
1.203	0.124	1.125	2.116	1.106	0.106	2.222	0.114	0.113	2.112	0.104	3.218	0.107	0.106	0.13		0.933733333
1.203	1.228	1.208	1.219	1.108	3.222	0.126	0.221	1.109	4.276	1.101	1.101	0.099	1.122	1.132		1.298333333
0.14	2.145	0.143	2.127	1.109	0.1	3.206	0.129	3.22	0.101	0.111	2.206	1.224	2.127	1.117		1.280333333
0.104	1.104	0.115	2.219	1.205	3.227	0.094	1.114	0.126	0.096	0.101	1.094	1.123	1.196	2.229		1.0098
0.122	0.187	1.107	2.203	1.141	1.126	0.092	1.115	2.21	0.087	1.131	2.229	1.122	1.109	1.118		1.073266667
1.132	1.124	0.1	1.174	1.214	0.102	0.097	0.13	1.223	0.125	3.22	2.229	0.107	0.122	1.207		0.887066667
0.087	0.104	0.107	0.1	1.19	3.237	2.12	0.096	0.114	0.101	2.203	1.108	1.214	0.099	1.117		0.866466667
0.112	1.205	1.118	2.137	2.128	3.215	2.204	3.2	2.13	0.118	0.115	0.109	1.224	0.124	2.13		1.417933333
0.103	1.11	3.232	0.125	1.204	2.138	0.116	2.183	0.121	1.204	1.119	0.195	1.207	1.207	2.213		1.165133333
0.102	1.132	1.22	1.211	1.1	2.215	0.108	0.108	0.103	0.096	0.118	3.122	1.137	0.118	1.123		0.867533333
2.227	1.214	0.126	0.109	0.133	0.109	1.205	3.221	2.225	0.119	1.207	0.118	0.101	0.101	2.119		0.9556
0.106	1.121	0.102	4.14	1.223	1.134	0.106	1.106	0.119	1.12	2.136	0.104	0.21	0.123	0.12		0.864666667
2.172	0.106	3.15	1.209	2.199	1.196	1.118	2.212	3.233	0.113	0.122	1.224	1.111	0.13	0.09		1.292333333
1.121	1.129	0.111	1.197	2.114	0.093	1.104	0.091	0.127	1.095	1.124	0.117	0.116	0.092	1.194		0.721666667
1.186	0.118	1.206	1.118	1.229	1.128	0.101	2.207	1.216	4.262	0.113	0.107	1.113	2.136	1.092		1.222133333
0.114	2.255	2.236	1.207	1.125	0.104	0.125	0.115	0.116	1.201	0.122	1.105	2.218	0.111	0.113		0.8178
1.131	0.129	0.093	0.078	0.135	1.115	2.22	0.089	1.084	2.157	0.131	0.098	1.204	0.115	1.096		0.725
4.215	0.094	0.12	0.112	2.225	3.222	1.197	1.217	0.127	0.1	2.207	0.091	0.113	0.124	2.237		1.160066667
2.218	3.213	0.124	1.1	1.132	0.101	0.114	2.119	1.11	1.216	0.104	3.241	0.115	0.108	0.118		1.075533333
1.214	1.116	1.233	0.113	2.228	0.085	0.087	1.115	0.112	1.119	0.122	1.229	1.235	0.106	1.113		0.815133333
0.11	3.211	1.11	0.124	1.11	0.139	1.122	1.198	0.113	1.103	0.111	1.091	2.234	1.224	1.214		1.014266667
0.101	0.135	1.219	0.094	2.209	0.092	0.094	0.097	1.191	1.205	3.227	0.202	0.097	1.213	0.141		0.754466667
0.085	0.106	2.143	1.21	3.242	1.193	0.129	2.132	0.075	2.131	1.13	0.132	4.249	1.095	1.209		1.350733333
1.111	1.198	0.127	5.241	0.12	0.091	1.233	2.197	0.119	1.128	1.255	0.105	0.098	0.106	2.122		1.0834
2.214	2.129	0.113	0.099	1.113	0.122	1.205	1.106	2.091	2.239	1.209	1.14	1.194	1.203	1.206		1.225533333
1.099	0.117	0.11	0.102	1.196	0.132	2.12	0.102	1.235	0.138	1.135	0.086	1.095	1.213	1.125		0.733666667
4.251	1.221	0.094	0.12	1.108	2.221	0.089	1.113	0.123	0.106	1.213	0.107	0.087	0.093	0.124		0.804666667
1.207	1.093	0.095	1.196	0.112	0.103	1.196	1.132	2.198	0.084	0.111	1.136	0.087	1.127	2.121		0.866533333
0.11	1.219	1.109	1.208	1.12	0.12	1.131	1.195	0.088	1.22	0.105	1.1	2.214	0.108	0.092		0.809266667
1.215	1.128	0.109	0.122	3.225	0.095	0.098	2.143	0.112	0.11	3.235	0.109	2.225	0.111	0.105		0.9428
0.096	0.11	1.199	0.116	0.116	1.19	1.208	1.192	0.1	0.106	3.238	0.206	2.227	0.112	2.219		0.895666667
2.138	0.101	3.127	0.088	1.211	1.132	0.11	0.087	3.121	0.083	0.104	1.131	0.102	0.117	0.111		0.850866667
0.09	0.112	3.235	1.103	0.099	0.128	0.117	1.118	2.241	0.107	1.201	0.113	2.198	1.198	2.222		1.0188
2.226	1.112	0.083	1.106	0.13	0.22	0.128	0.115	1.2	0.108	2.093	2.247	1.208	1.129	2.136		1.016066667
1.095	1.114	1.222	1.223	0.099	1.136	2.224	0.111	0.08	0.119	1.214	3.219	1.105	0.109	0.111		0.9454
1.215	1.195	0.137	2.14	2.115	1.111	0.128	0.111	2.215	2.123	1.108	0.095	2.215	2.126	0.107		1.2094
0.102	0.117	1.116	0.093	1.102	1.196	3.245	4.213	0.106	3.208	2.213	0.12	0.099	1.22	0.182		1.222133333
2.098	4.149	0.101	0.099	0.115	1.117	2.218	0.103	2.215	0.089	1.198	0.101	0.088	1.131	1.111		1.0622
1.117	0.098	0.106	1.198	4.233	0.103	0.106	1.125	0.095	1.221	1.093	0.208	0.107	0.118	0.097		0.735
2.222	1.215	0.11	1.111	0.138	0.099	2.219	1.211	0.084	0.103	0.077	1.133	1.215	0.123	3.22		0.952
1.223	4.225	1.121	0.117	0.108	2.118	0.106	1.119	2.111	0.122	0.107	0.219	1.113	0.093	0.109		0.934066667
0.106	2.212	0.119	0.117	0.105	2.219	0.097	2.141	1.209	1.103	0.094	1.11	0.116	1.119	0.119		0.799066667
0.126	1.089	2.205	0.118	1.132	1.207	0.11	0.104	0.119	1.221	0.099	1.23	0.111	2.23	1.112		0.8142
1.099	1.103	0.111	0.132	0.112	1.108	0.1	0.112	0.116	2.132	2.214	1.226	0.105	0.098	1.222		0.732666667
0.122	1.217	1.211	1.127	2.235	1.127	1.14	0.117	0.099	1.227	0.118	3.108	0.101	0.111	2.223		1.018866667
0.095	4.133	0.076	0.082	1.201	0.111	1.199	0.112	0.076	0.089	1.214	2.212	3.234	1.097	0.112		1.002866667
0.131	2.209	0.12	0.109	1.132	0.11	1.12	0.106	0.089	0.101	0.083	0.099	0.112	0.1	3.126		0.583133333
1.202	2.207	0.104	1.201	0.105	0.1	0.103	0.096	0.128	0.111	1.123	0.108	0.105	3.225	1.207		0.741666667
0.108	2.102	0.127	0.118	2.235	3.218	3.223	0.221	1.134	2.138	0.124	1.129	0.112	0.112	0.121		1.081466667
0.111	2.217	1.124	0.119	0.133	0.09	0.101	0.122	0.106	0.125	1.107	0.099	0.136	0.103	2.204		0.526466667
0.11	2.202	0.117	1.121	0.131	0.109	0.09	1.119	0.113	0.111	0.089	0.113	2.209	0.122	1.217		0.5982
0.113	0.113	0.121	0.088	2.212	0.114	3.242	0.094	0.112	0.108	2.217	0.097	0.103	1.212	0.102		0.669866667
1.222	2.191	0.091	0.097	1.115	0.097	1.118	0.102	0.101	3.22	3.204	1.222	0.08	2.227	1.11		1.146466667
2.22	1.13	0.106	2.218	0.107	3.225	2.205	2.202	0.12	1.215	1.137	1.105	0.125	0.1	1.124		1.2226
2.11	0.14	0.104	2.21	0.096	0.118	0.121	0.104	1.1	0.107	0.121	0.117	0.113	1.216	0.115		0.526133333
0.095	0.093	0.077	1.113	0.217	0.111	0.114	1.207	0.1	1.102	2.215	3.235	0.102	0.129	0.097		0.667133333
1.198	0.1	2.114	0.1	2.126	1.186	1.215	0.12	0.11	0.12	1.143	1.117	1.114	0.095	1.207		0.871
1.137	1.202	3.233	1.218	1.211	1.12	3.134	0.122	0.105	1.115	4.219	0.099	1.202	1.219	1.14		1.431733333
0.105	0.101	2.114	1.122	1.112	1.226	0.11	0.113	0.227	0.12	2.224	0.12	0.095	0.112	1.206		0.6738
0.118	1.111	0.081	0.086	1.205	2.118	0.116	0.088	0.106	1.197	0.114	1.208	0.115	0.1	0.122		0.525666667
1.191	1.203	1.22	0.107	2.111	0.107	1.129	1.134	0.114	1.2	2.225	0.099	2.22	1.104	1.112		1.085066667
1.117	1.131	1.131	0.102	0.104	0.11	1.206	0.113	0.109	2.125	1.195	0.12	2.197	0.092	0.086		0.7292
0.127	1.107	0.105	1.193	0.122	1.209	1.117	2.209	0.112	1.219	3.116	0.112	1.115	1.226	0.096		0.945666667
1.108	0.107	1.198	2.098	3.232	0.114	0.088	2.219	1.107	1.109	1.21	0.098	2.221	0.111	3.223		1.282866667
1.105	0.125	1.129	1.103	0.091	1.116	1.105	1.119	0.123	2.12	2.223	0.12	1.111	1.132	0.099		0.9214
2.217	0.098	1.224	1.222	0.111	1.201	1.117	0.119	0.101	1.196	0.093	2.141	0.12	0.114	1.108		0.812133333
2.219	1.224	0.106	2.194	0.116	0.108	3.224	0.124	2.23	0.12	1.165	1.208	0.101	1.118	2.21		1.164466667
3.216	1.098	1.21	1.113	2.114	0.109	0.216	0.119	2.121	0.093	1.207	2.251	1.217	0.093	1.114		1.152733333
0.113	1.116	0.123	1.18	1.208	0.113	1.105	0.113	0.11	1.13	2.13	3.22	0.105	2.204	0.123		0.939533333
0.104	0.106	3.147	0.102	1.114	2.216	1.188	1.109	2.206	0.115	0.079	1.097	0.099	0.123	0.116		0.8614
0.105	0.119	2.217	3.13	2.213	2.207	1.124	0.105	1.111	1.123	1.108	0.101	0.122	0.115	0.113		1.000866667
0.13	1.198	0.127	2.222	2.224	1.196	1.128	0.094	2.227	0.084	0.129	0.109	1.136	1.202	1.22		0.961733333
1.206	1.1	3.227	0.111	0.108	0.107	1.203	1.22	0.114	1.234	0.211	1.223	0.092	0.1	2.134		0.892666667
0.114	1.212	0.115	0.103	0.097	0.112	1.108	2.216	0.105	0.097	0.111	0.107	0.085	2.126	0.127		0.522333333
1.116	1.112	0.112	1.111	0.112	0.113	1.128	0.098	1.204	0.106	1.108	0.105	2.198	0.094	0.096		0.6542
0.094	0.116	0.087	1.211	1.231	3.246	0.119	0.105	0.098	1.102	0.087	3.221	0.102	0.103	0.101		0.734866667
0.099	0.094	1.127	4.116	1.136	2.237	0.101	2.213	1.13	1.229	1.111	0.125	0.111	2.213	1.108		1.21
1.215	1.228	2.231	0.129	0.115	0.083	0.122	1.215	3.229	0.114	4.265	1.109	1.197	2.211	1.21		1.311533333
0.106	0.12	0.098	1.225	1.111	1.199	1.23	0.113	2.198	3.124	1.233	1.202	0.098	4.221	0.109		1.159133333
1.087	0.076	1.126	1.222	0.111	1.219	2.128	0.105	1.109	0.105	0.124	2.23	1.108	0.198	0.103		0.8034
0.104	0.105	0.092	0.116	0.1	1.135	0.109	1.109	0.129	0.097	0.124	2.233	2.226	0.088	0.1		0.524466667
2.23	0.11	0.095	1.107	0.115	1.097	0.083	2.22	1.215	0.117	1.114	0.097	1.115	1.109	5.216		1.136
0.123	0.098	1.207	0.081	1.138	0.118	1.214	1.11	0.096	0.191	1.12	1.198	1.215	1.112	3.223		0.882933333
0.126	1.13	1.124	0.109	0.121	0.097	1.131	1.203	4.209	0.102	0.097	2.223	0.098	0.124	0.119		0.800866667
0.098	1.205	2.212	2.125	0.108	1.113	1.21	2.119	0.109	0.096	0.207	0.126	0.108	0.087	2.214		0.8758
1.224	1.123	2.125	0.113	0.092	2.195	1.2	4.251	0.117	1.149	3.126	0.108	1.227	1.201	1.121		1.358133333
0.112	0.122	2.124	0.129	0.096	0.081	2.239	2.229	1.24	1.098	0.104	1.201	0.091	2.13	2.22		1.0144
1.097	1.221	0.111	0.104	0.104	0.08	2.135	1.221	0.115	1.233	2.216	2.143	1.117	0.123	1.214		0.948933333
1.132	2.113	0.115	0.096	2.226	3.234	2.206	0.109	1.121	0.131	1.208	0.118	1.217	0.093	1.116		1.082333333
0.115	2.207	0.107	1.193	0.105	1.125	1.214	1.111	0.119	0.128	1.117	0.12	0.125	1.232	1.111		0.741933333
2.126	1.103	3.233	0.123	2.216	0.091	0.105	1.214	0.102	2.134	0.107	0.1	1.105	0.102	0.123		0.932266667
0.113	0.12	3.219	2.1	2.205	1.119	2.239	1.097	1.115	2.221	0.119	0.112	1.195	3.22	1.197		1.426066667
0.118	0.121	0.103	1.122	1.124	1.219	0.097	0.086	2.234	0.092	1.105	1.202	1.107	0.116	0.092		0.662533333
0.113	1.235	2.128	1.212	0.089	3.231	0.11	1.203	1.216	0.104	1.219	0.083	0.098	0.122	1.188		0.890066667
1.237	0.102	1.221	2.12	1.195	0.097	0.127	1.101	2.238	0.112	2.129	1.152	0.114	1.12	0.087		0.943466667
1.136	1.204	0.109	3.199	1.11	0.105	0.119	1.199	0.097	3.225	3.139	0.087	0.113	1.201	1.109		1.143466667
0.112	1.137	2.115	0.113	3.219	1.214	0.102	0.103	2.112	0.214	2.213	1.106	1.21	3.129	0.101		1.213333333
1.2	0.102	3.226	1.216	0.101	2.241	0.103	0.11	1.135	2.111	1.187	2.224	0.101	1.203	0.108		1.0912
0.092	0.099	0.098	1.107	2.233	1.12	0.1	0.104	0.101	0.109	1.124	0.097	1.111	0.089	0.107		0.512733333
0.118	1.107	3.227	3.224	2.205	2.212	1.225	1.109	0.091	0.085	0.09	0.136	0.104	0.12	1.102		1.077
2.124	0.126	1.127	2.218	0.088	1.111	2.146	0.123	1.215	1.11	0.125	1.182	1.109	2.224	0.105		1.075533333
0.105	1.117	1.106	0.103	0.101	0.101	3.222	1.2	1.109	2.206	0.107	1.128	0.113	0.106	1.128		0.863466667
1.219	2.231	0.134	2.216	2.225	0.09	1.206	1.119	2.235	1.203	0.122	0.077	2.202	1.086	2.204		1.3046
0.093	0.088	2.227	0.105	1.118	0.12	1.128	2.14	1.181	3.215	2.119	0.109	1.119	1.198	0.097		1.070466667
1.113	0.117	0.093	4.123	1.101	0.099	1.223	1.216	1.115	1.107	2.223	4.256	0.129	1.113	3.231		1.483933333
1.198	0.094	1.108	1.191	2.234	4.222	1.131	0.106	0.088	1.212	0.103	0.117	1.207	0.121	1.218		1.023333333
0.117	2.221	2.196	1.13	0.1	0.114	0.105	1.103	1.114	1.12	0.12	0.111	0.126	1.128	0.111		0.727733333
0.098	0.205	1.206	3.221	0.097	0.106	1.103	0.089	1.235	2.216	1.116	2.241	1.213	0.106	1.126		1.0252
0.117	2.119	0.104	4.233	1.112	1.232	0.233	1.19	0.105	3.229	3.224	0.117	1.128	0.096	2.238		1.365133333
2.139	3.208	0.115	2.205	1.113	1.201	0.112	0.115	1.107	1.1	1.221	0.099	1.115	0.097	0.129		1.005066667
3.225	0.099	2.106	0.123	1.224	0.064	1.136	2.112	0.11	2.226	2.118	0.103	0.185	0.121	0.106		1.003866667
0.107	2.19	2.244	0.128	0.085	0.101	0.093	0.118	1.103	2.227	0.11	0.097	1.111	0.206	0.121		0.6694
1.206	0.079	2.215	1.125	1.206	1.207	0.1	0.092	0.102	0.102	1.107	0.092	1.129	1.136	0.12		0.734533333
0.086	1.195	0.092	2.231	1.128	0.092	0.112	0.103	1.214	1.216	1.2	1.232	2.203	0.1	1.191		0.893
0.122	0.107	1.098	1.211	1.119	1.125	1.194	1.203	0.109	0.112	0.106	1.114	1.197	1.102	0.095		0.734266667
0.081	0.112	0.105	0.107	1.201	1.118	0.107	4.222	0.114	1.23	1.22	0.094	2.114	2.119	2.225		1.077933333
0.114	1.097	1.211	0.109	1.202	0.107	1.204	3.22	1.205	1.118	0.121	0.108	1.222	3.252	0.099		1.025933333
0.101	0.11	1.111	1.187	2.214	1.126	2.126	3.23	2.114	2.11	2.107	1.092	0.115	1.137	0.083		1.330866667
0.103	2.092	1.222	1.115	0.102	1.206	0.099	0.098	0.109	1.112	2.212	1.211	1.123	3.226	1.125		1.077
0.12	2.217	1.113	0.108	1.212	3.145	1.206	2.222	1.227	0.205	2.218	0.146	1.183	0.118	0.097		1.102466667
1.101	3.118	2.214	0.091	2.146	1.188	0.122	0.119	1.22	1.093	2.127	1.197	1.209	1.202	1.213		1.290666667
2.241	1.218	1.221	0.108	0.117	0.119	0.097	0.083	3.138	2.205	0.115	3.206	3.213	0.106	0.127		1.154266667
1.21	0.094	0.113	0.111	1.217	0.114	0.085	1.2	0.106	3.232	1.202	0.125	1.194	4.226	0.132		0.9574
1.117	2.221	0.111	0.082	1.149	0.099	2.235	1.209	0.138	0.102	2.115	1.118	0.117	2.207	2.118		1.075866667
3.221	0.13	0.097	2.229	1.132	0.125	1.113	0.106	0.094	1.215	2.193	0.095	0.119	1.213	0.106		0.8792
1.105	0.12	0.101	0.1	0.096	0.111	0.128	1.104	1.118	0.117	0.102	2.222	0.106	0.1	0.101		0.448733333
1.204	0.112	0.119	0.094	0.112	2.131	1.222	1.199	0.106	2.1	1.199	0.089	1.097	1.224	0.1		0.8072
0.107	0.12	0.111	1.116	0.081	0.108	0.111	1.106	2.208	1.217	0.091	1.226	0.142	0.085	1.204		0.6022
0.109	1.231	0.088	0.12	0.106	3.223	0.065	3.209	0.15	0.119	0.103	3.214	1.098	0.114	0.107		0.8704
0.123	2.116	0.094	1.19	0.108	2.224	3.215	3.21	0.116	2.215	1.118	0.12	1.221	1.116	0.116		1.220133333
0.108	2.222	2.217	2.136	1.115	3.225	1.126	0.096	1.236	2.226	1.132	2.115	0.087	0.125	0.106		1.2848
1.208	0.104	0.119	0.111	0.205	3.23	1.204	0.119	1.23	0.101	1.218	2.213	2.124	0.108	1.091		0.959
0.106	1.205	2.11	2.229	1.124	0.119	0.086	1.123	3.137	1.118	1.109	3.213	3.236	1.202	0.105		1.4148
1.138	1.2	1.09	1.102	1.19	1.212	1.136	3.246	1.205	1.215	0.093	0.129	1.205	0.095	1.101		1.090466667
0.101	1.112	0.091	0.092	2.216	2.102	1.206	1.099	0.124	1.106	1.204	3.228	1.208	1.12	3.224		1.2822
1.246	1.193	0.114	0.083	0.107	2.221	1.123	1.236	1.225	1.108	2.193	2.212	0.113	2.204	1.112		1.166
1.191	2.211	0.209	1.205	1.213	0.205	2.223	0.125	4.211	1.127	0.111	3.145	0.09	2.111	0.105		1.2988
2.114	1.213	2.11	1.107	0.112	0.119	2.194	1.112	0.097	0.083	1.2	1.24	0.079	1.119	1.191		1.006
0.128	2.115	0.102	1.143	0.098	1.12	0.115	1.194	2.237	1.245	3.211	1.223	1.111	0.116	1.122		1.085333333
0.093	0.136	1.088	0.121	3.218	3.228	2.127	1.114	1.11	1.122	2.187	1.105	0.11	2.242	0.107		1.273866667
3.227	1.201	0.088	2.217	1.2	0.121	0.105	1.202	0.095	1.191	1.115	1.227	0.201	0.09	0.104		0.892266667
2.232	2.125	1.21	1.106	2.202	0.119	0.122	0.121	2.203	1.135	0.098	1.102	1.126	2.119	1.211		1.2154
0.1	2.212	1.214	1.212	0.093	2.226	3.231	3.116	0.081	1.221	1.112	1.202	1.115	0.115	0.098		1.2232
0.114	0.11	0.115	0.123	0.103	1.203	0.118	0.113	2.206	1.193	0.103	1.223	0.095	0.078	0.125		0.468133333
0.121	0.11	0.098	0.112	0.119	2.207	0.094	1.227	0.112	1.112	2.189	2.223	1.108	1.196	0.115		0.809533333
2.221	1.199	1.131	2.229	0.096	0.107	4.243	2.203	0.11	1.114	1.122	0.103	2.243	0.089	0.13		1.222666667
1.116	2.139	0.093	0.106	1.222	0.114	1.192	0.132	2.249	1.111	1.112	2.103	2.133	1.109	0.13		1.070733333
0.093	1.103	0.11	2.235	3.218	0.091	2.086	1.097	2.219	2.217	0.108	0.115	2.212	0.099	3.133		1.3424
1.109	1.188	2.2	0.121	2.219	0.135	2.252	0.111	0.119	1.199	0.104	0.127	0.102	2.229	0.098		0.887533333
1.251	1.136	1.114	0.089	0.103	1.115	0.109	0.107	1.111	0.104	0.102	2.197	0.108	2.113	2.214		0.864866667
2.12	0.097	1.224	2.222	1.225	1.203	0.101	2.218	1.236	2.109	2.229	1.237	1.127	0.103	0.12		1.238066667
1.126	0.112	0.117	0.084	2.192	0.1	1.095	3.241	1.106	1.192	0.103	0.123	1.235	0.105	1.095		0.8684
0.107	1.212	1.105	1.118	0.095	2.103	1.225	0.098	0.112	1.187	0.107	1.231	1.112	0.099	1.193		0.806933333
0.104	1.105	2.135	2.236	1.237	1.111	0.101	1.119	1.219	1.131	1.206	1.113	1.079	1.214	1.121		1.148733333
0.123	0.133	0.098	1.233	1.205	1.093	0.085	1.22	0.094	1.202	0.108	1.207	1.198	0.107	0.106		0.614133333
1.227	1.193	0.087	0.107	0.121	1.212	0.087	4.145	0.098	0.103	0.115	0.111	3.225	2.108	1.216		1.010333333
0.122	1.109	2.213	1.106	0.09	1.11	0.091	1.196	2.197	0.099	0.115	1.109	0.091	0.097	0.112		0.7238
1.117	0.107	2.213	0.088	0.115	0.1	2.136	2.11	0.108	0.132	1.137	2.217	1.115	0.111	3.115		1.0614
1.11	0.107	1.197	1.104	2.124	3.224	1.199	0.115	0.104	1.11	1.115	1.205	0.113	2.228	2.214		1.217933333
0.118	1.236	0.111	1.122	1.201	1.102	0.109	1.133	1.107	1.121	0.121	1.228	1.215	0.111	2.225		0.884
1.219	1.112	1.122	2.238	2.116	0.119	3.107	1.099	2.217	0.096	1.119	1.11	0.106	0.078	0.103		1.130733333
3.226	0.104	2.155	0.119	0.116	1.121	2.228	0.121	1.2	1.237	0.113	1.107	1.109	1.102	0.117		1.011666667
1.193	0.122	2.22	2.221	1.215	0.129	1.107	0.093	1.116	1.109	2.197	1.218	0.09	0.087	1.119		1.015733333
1.209	0.094	1.209	4.237	0.112	1.2	1.203	0.129	0.123	0.112	0.093	0.096	0.099	0.102	0.114		0.675466667
0.11	1.215	2.109	0.115	1.122	0.121	1.103	1.233	1.105	0.111	0.096	1.121	3.221	0.09	2.196		1.004533333
0.104	1.127	0.089	0.097	0.107	1.137	0.095	1.1	1.217	0.097	2.146	4.239	2.231	1.115	1.223		1.074933333
1.133	1.096	1.213	0.107	1.104	0.125	0.125	1.23	0.092	1.123	3.21	1.209	0.121	2.219	2.129		1.0824
1.111	0.133	1.141	3.229	0.103	2.195	1.199	1.114	1.107	1.205	0.101	0.1	1.128	0.094	1.113		1.004866667
0.105	1.195	2.11	1.237	0.111	0.077	0.115	0.081	0.104	0.097	1.206	1.113	1.12	2.216	0.115		0.733466667
1.118	2.113	0.106	0.096	0.101	1.121	1.221	0.117	1.103	1.094	5.234	0.105	0.109	1.132	1.221		1.066066667
0.115	2.19	1.104	2.136	3.219	0.109	0.101	1.195	1.211	1.196	2.213	1.108	0.118	0.115	1.112		1.149466667
0.101	0.11	0.096	0.128	0.204	1.139	0.103	3.225	0.097	1.094	2.195	1.21	0.118	0.111	0.113		0.6696
0.125	1.213	0.106	1.193	1.104	0.089	3.119	3.228	0.129	0.092	0.099	0.115	1.223	1.112	3.202		1.0766
0.121	2.128	0.209	1.109	2.11	1.221	2.212	2.204	1.109	0.101	1.199	0.121	1.135	1.203	1.24		1.161466667
0.109	0.128	0.128	0.101	0.109	0.098	1.188	0.11	1.228	0.1	2.135	2.22	0.114	0.124	2.113		0.667
0.124	0.086	1.126	0.135	1.208	1.129	0.124	0.1	2.15	0.111	0.115	1.211	1.098	1.106	2.216		0.8026
1.214	0.111	1.12	0.107	0.103	1.218	0.12	1.115	1.117	2.233	0.121	0.094	2.205	1.193	0.11		0.812066667
0.091	2.228	2.249	1.204	1.202	1.114	0.108	1.215	1.215	0.119	1.105	0.088	1.201	2.147	1.107		1.092866667
0.124	1.208	0.084	0.121	2.126	1.107	0.111	2.225	0.115	1.218	0.135	0.131	0.122	1.126	1.199		0.743466667
1.121	3.224	1.191	0.093	3.228	1.234	0.094	0.1	0.096	0.114	1.207	0.109	1.117	0.1	2.11		1.0092
0.101	1.137	1.113	2.22	1.22	1.12	0.095	0.121	1.103	0.125	0.118	2.124	3.229	0.137	0.095		0.9372
0.121	0.095	0.103	2.245	1.22	0.078	0.093	0.093	1.116	0.119	0.106	0.119	3.22	0.083	0.127		0.595866667
3.231	1.111	1.202	0.108	0.115	0.11	1.114	3.127	1.203	0.123	1.115	1.237	0.114	2.12	2.227		1.217133333
0.121	1.219	0.085	1.119	1.123	0.08	0.103	1.207	2.112	1.111	1.215	2.126	0.114	2.213	0.086		0.9356
0.109	0.11	1.116	3.243	1.176	2.196	1.127	4.23	1.184	0.113	0.092	0.095	0.088	1.125	0.107		1.074066667
1.218	3.223	0.095	0.092	0.119	0.101	0.105	1.211	0.121	1.13	0.112	0.108	0.089	1.201	0.119		0.602933333
1.123	0.205	2.212	0.117	1.202	1.2	1.196	1.105	3.222	1.206	0.143	2.204	0.119	0.07	2.251		1.171666667
3.216	1.11	1.218	0.125	2.138	3.195	0.099	1.094	0.134	1.112	0.098	0.109	1.202	0.102	2.21		1.144133333
0.125	1.121	1.123	1.11	0.108	0.084	0.105	1.221	2.139	1.235	2.12	0.116	0.099	2.228	0.086		0.868
0.201	0.111	1.117	3.217	2.221	0.127	0.126	2.202	1.204	3.203	2.206	1.199	0.119	3.222	0.1		1.371666667
2.158	2.133	1.11	1.224	1.102	1.133	1.218	1.226	1.09	0.099	1.122	1.107	2.121	2.205	0.113		1.2774
1.106	0.11	0.1	3.136	0.094	1.204	4.136	0.116	1.1	0.133	0.11	0.084	0.107	2.199	0.112		0.923133333
1.213	0.108	0.105	2.216	2.211	2.205	0.104	2.118	0.103	0.096	0.126	1.235	0.097	1.226	1.115		0.951866667
1.115	0.124	0.115	0.104	0.118	1.126	2.237	1.203	1.215	2.21	2.218	0.104	0.109	1.113	1.123		0.948933333
1.215	0.087	0.128	1.22	0.112	0.102	0.12	1.143	1.112	3.239	2.097	2.134	0.117	2.235	1.194		1.083666667
0.125	0.115	1.21	2.117	1.106	0.112	1.215	0.11	0.124	0.093	0.116	1.211	1.219	3.138	0.107		0.807866667
2.129	1.208	0.099	0.1	2.247	0.078	2.207	0.112	1.236	2.201	2.211	0.131	2.215	2.224	2.129		1.368466667
1.127	0.116	2.12	2.221	1.112	1.193	0.123	1.209	0.115	1.194	0.212	0.071	1.098	0.111	0.094		0.807733333
2.209	0.1	0.103	1.115	2.114	2.099	1.219	0.092	1.12	3.22	0.123	1.109	1.116	0.116	0.224		1.071933333
3.242	1.208	1.188	2.215	1.214	0.116	0.096	2.113	1.134	0.126	0.091	0.096	1.243	0.12	0.095		0.953133333
0.098	3.126	0.111	0.1	1.127	0.2	2.136	2.222	2.254	0.107	1.113	2.227	3.231	1.218	0.111		1.292066667
1.116	0.091	0.101	0.113	0.136	2.108	0.112	1.095	0.102	0.113	2.21	1.094	3.237	1.214	2.14		0.9988
0.217	0.184	2.121	2.205	0.077	3.238	1.21	1.205	1.099	1.201	0.106	1.215	1.121	1.112	0.112		1.094866667
0.135	0.1	0.119	3.202	1.118	1.215	0.103	1.194	1.212	0.116	2.099	0.117	0.111	2.202	1.116		0.943933333
0.088	2.119	2.204	1.208	1.211	2.148	0.101	0.105	1.133	0.105	0.104	0.092	0.118	0.117	0.101		0.730266667
1.115	1.22	0.117	0.13	1.132	0.109	0.1	1.198	0.108	2.126	1.214	1.126	1.205	2.111	0.139		0.876666667
1.112	0.132	2.23	0.112	1.11	0.114	1.197	1.112	2.114	1.233	0.098	0.083	1.104	0.096	0.101		0.796533333
0.085	1.125	0.086	1.225	2.21	0.128	0.103	2.115	3.215	1.107	3.149	0.101	1.196	1.216	2.106		1.2778
1.217	1.115	1.127	1.195	0.108	0.11	1.109	0.118	0.122	0.119	0.099	3.239	2.24	1.133	1.216		0.951133333
1.219	0.109	0.109	3.13	2.218	2.229	2.19	1.242	1.21	1.111	1.205	0.101	0.095	0.095	0.137		1.093333333
1.124	1.213	0.098	0.121	0.097	0.116	1.117	0.131	2.121	0.122	3.203	2.209	1.102	1.212	0.095		0.938733333
3.128	0.103	0.114	0.119	0.118	3.215	1.102	0.128	0.114	1.125	2.239	0.122	1.134	0.107	2.208		1.005066667
0.103	0.119	0.242	0.098	1.21	0.185	1.202	0.134	1.207	0.11	1.134	0.107	1.13	2.218	0.121		0.621333333
0.118	1.132	0.11	1.217	0.12	2.119	0.105	0.117	0.112	0.08	1.12	0.095	2.232	0.122	1.119		0.6612
1.216	0.1	1.11	2.116	0.079	0.104	0.137	0.084	0.102	1.112	0.096	1.22	0.11	0.124	3.231		0.7294
0.136	0.102	0.092	0.125	2.118	1.137	4.143	1.207	0.113	0.101	3.241	1.215	1.131	2.119	1.216		1.213066667
0.104	0.208	1.215	1.122	1.215	1.19	0.092	0.093	0.116	1.234	1.2	1.138	2.207	0.132	0.113		0.7586
1.187	2.13	1.214	2.129	0.094	1.134	0.122	0.127	0.118	3.227	0.11	2.23	0.108	0.11	1.105		1.009666667
1.115	2.112	1.125	1.215	2.215	3.109	1.227	0.122	2.23	3.24	0.099	0.129	0.121	3.252	0.096		1.427133333
1.205	1.211	0.121	1.098	1.191	0.099	4.234	2.135	1.214	0.108	1.131	0.113	0.105	1.13	0.143		1.015866667
0.107	0.117	0.129	0.106	2.118	0.107	1.232	4.218	1.094	0.093	1.213	0.105	1.202	1.215	0.206		0.884133333
0.111	0.097	0.107	2.235	1.129	2.19	2.211	0.088	1.096	0.093	2.13	3.224	2.14	0.09	0.099		1.136
1.111	0.109	0.124	1.123	1.215	0.113	3.214	2.22	0.122	0.102	0.094	1.22	0.116	0.13	1.105		0.807866667
1.135	0.109	2.213	0.105	1.136	1.217	1.192	1.112	2.206	1.096	1.11	2.222	1.092	0.106	0.104		1.077
2.191	1.106	1.225	0.109	0.111	0.076	0.111	0.097	0.105	0.11	2.233	0.088	1.216	0.117	0.093		0.5992
1.125	0.114	0.122	1.212	0.113	0.109	1.129	2.219	0.128	0.091	1.201	1.196	1.099	1.201	1.118		0.8118
1.219	1.221	0.093	2.133	1.177	0.094	0.105	0.106	0.08	1.206	2.229	1.216	1.109	0.098	1.219		0.887
1.125	3.137	3.133	1.095	1.095	1.093	2.217	4.231	0.207	1.131	0.097	3.123	2.228	2.113	2.149		1.878266667
0.102	0.133	1.211	1.107	1.204	0.098	0.089	1.208	0.121	0.088	0.224	1.116	1.225	0.123	0.11		0.543933333
1.136	3.207	0.111	0.102	1.213	1.201	0.095	1.112	0.104	1.223	2.129	0.1	0.122	0.116	1.211		0.8788
0.087	2.199	2.111	0.124	2.124	0.109	0.115	2.222	0.113	3.139	2.226	3.249	3.224	1.239	0.121		1.493466667
0.107	1.126	1.109	2.23	0.105	1.105	0.099	2.204	0.098	1.19	0.104	0.118	1.216	0.107	2.207		0.875
0.128	1.112	1.218	0.106	1.1	0.104	1.23	0.113	1.104	0.073	1.221	0.093	0.124	0.123	2.227		0.671733333
0.116	2.204	0.079	0.116	0.129	1.107	2.216	0.122	0.119	1.131	1.1	0.091	1.206	0.101	0.108		0.663
0.117	0.1	2.12	0.082	1.201	0.09	0.1	0.105	0.148	1.212	0.116	2.231	0.12	0.134	2.216		0.6728
0.111	3.216	1.098	1.235	0.101	0.106	1.106	3.196	0.12	2.139	1.135	0.109	0.107	0.113	0.116		0.933866667
1.1	1.117	0.119	0.088	0.098	0.109	1.121	1.212	0.113	3.232	4.236	0.115	0.087	1.217	1.114		1.0052
1.22	0.106	1.223	2.108	0.104	0.098	1.211	4.225	0.126	0.124	2.204	0.112	0.12	5.124	1.189		1.286266667
0.098	2.229	1.106	0.088	1.091	3.236	0.09	1.216	1.223	0.121	2.211	0.096	0.118	0.192	0.121		0.8824
2.11	0.113	1.211	0.121	1.205	1.194	2.143	0.102	0.094	2.231	1.117	0.086	2.103	0.091	1.2		1.008066667
1.124	2.118	1.22	0.105	1.107	0.113	1.207	0.092	2.123	1.146	1.237	0.089	0.106	0.118	5.218		1.141533333
0.109	3.24	0.114	2.205	2.204	1.2	1.098	0.113	0.114	1.118	0.094	1.2	1.116	2.12	1.193		1.1492
2.199	2.212	0.109	1.12	0.099	0.104	0.131	0.099	2.231	0.114	2.228	1.12	0.117	0.123	1.136		0.876133333
0.104	1.197	1.123	0.094	2.212	1.217	2.226	1.12	1.11	2.228	0.109	1.127	0.079	1.109	2.104		1.143933333
0.093	0.093	1.2	0.103	1.096	0.1	0.201	1.106	1.188	0.084	1.201	1.109	0.114	3.208	1.204		0.806666667
1.133	0.091	1.094	2.218	0.11	1.12	1.133	2.206	0.113	0.121	0.096	2.222	2.233	0.078	0.105		0.9382
1.106	1.209	1.231	2.219	0.101	2.205	0.104	0.102	3.148	2.223	0.085	0.095	0.098	1.203	1.115		1.082933333
1.216	0.104	1.217	0.098	2.237	1.218	0.098	1.1	0.094	0.127	3.126	4.237	0.109	3.15	1.096		1.2818
2.125	1.089	1.116	0.086	2.123	1.111	1.129	1.226	0.092	2.13	0.095	0.108	1.11	0.093	0.117		0.916666667
1.188	1.215	3.221	1.223	0.113	0.104	4.213	0.133	0.099	1.216	0.103	0.094	1.109	0.121	1.121		1.0182
0.079	0.11	2.22	1.122	1.208	0.102	0.087	0.114	1.211	3.12	0.109	0.098	0.091	0.123	0.104		0.659866667
3.211	1.118	1.098	2.233	1.22	2.2	0.098	0.108	2.092	1.213	0.116	0.112	3.23	0.108	0.113		1.218
0.092	0.09	1.207	1.103	1.204	0.08	0.128	0.11	0.112	1.208	1.222	0.107	1.103	0.21	0.117		0.539533333
2.202	1.102	2.244	1.229	1.128	1.114	4.24	0.113	4.241	0.104	1.103	2.2	1.215	3.148	0.107		1.699333333
3.22	2.205	0.119	3.217	1.227	1.217	1.206	1.138	1.181	1.21	4.217	1.1	0.109	0.11	0.103		1.4386
0.145	1.11	0.112	0.121	1.087	0.11	0.097	1.218	2.221	4.143	2.211	0.198	0.114	0.092	1.103		0.9388
2.206	0.094	0.088	0.105	2.216	0.1	1.202	3.133	0.1	2.207	0.114	0.116	2.133	1.207	1.199		1.081333333
1.199	0.118	2.223	0.104	0.094	0.119	1.124	0.112	0.09	1.233	1.121	0.105	0.101	0.116	2.243		0.673466667
0.108	0.085	0.119	0.139	1.217	1.098	4.236	0.107	0.097	1.113	1.209	1.121	1.116	0.085	0.09		0.796
1.194	2.199	1.194	1.224	0.107	1.21	1.208	1.103	1.102	0.097	1.116	1.198	0.196	1.114	1.099		1.024066667
0.114	0.128	0.105	0.081	0.146	0.099	1.105	0.106	4.222	0.104	2.211	1.117	0.093	2.137	0.131		0.793266667
1.121	0.096	0.084	3.107	0.108	2.126	1.233	0.097	3.232	1.23	2.222	1.12	2.105	1.211	0.095		1.279133333
0.117	1.117	1.119	2.21	3.152	1.221	1.214	0.085	0.122	0.092	0.1	1.215	0.113	0.125	1.198		0.88
1.196	1.131	0.083	0.109	3.224	2.133	0.143	0.201	1.113	2.111	1.117	1.141	0.081	0.097	2.14		1.068
1.113	1.217	2.216	0.111	2.217	0.115	1.197	2.112	1.202	1.213	2.236	1.208	1.104	0.094	0.124		1.165266667
0.128	2.239	1.117	1.229	2.134	1.115	1.112	1.104	1.221	0.105	1.119	1.127	0.11	1.206	0.109		1.011666667
0.1	1.232	0.101	0.103	1.11	1.205	1.113	2.212	0.09	0.104	3.234	0.108	0.123	0.111	0.123		0.737933333
2.221	1.111	0.133	1.1	0.1	1.188	1.224	2.22	2.203	1.131	3.23	1.215	3.218	0.109	0.104		1.367133333
2.129	0.118	0.107	0.108	4.257	1.21	0.13	0.119	4.224	1.109	1.135	2.104	2.221	0.099	0.119		1.279266667
1.182	3.221	1.118	0.089	0.119	3.124	1.114	1.103	2.216	0.114	0.108	3.233	0.09	2.108	1.214		1.343533333
1.118	0.097	0.088	2.127	3.212	0.094	1.207	1.124	1.198	2.226	0.12	0.116	0.112	3.208	1.109		1.143733333
1.2	0.099	1.211	1.099	0.095	0.096	1.123	0.096	0.11	1.209	0.107	0.105	1.224	0.099	0.114		0.532466667
1.109	0.1	0.123	2.218	1.214	1.234	0.118	1.195	0.107	0.116	1.229	2.203	0.109	3.211	0.126		0.9608
0.112	4.224	2.117	1.118	2.114	3.214	0.095	1.096	0.116	2.116	1.133	0.124	2.129	3.221	1.121		1.603333333
2.233	0.133	1.115	1.115	0.111	1.207	2.098	1.127	0.08	0.093	0.108	3.239	0.089	0.091	0.12		0.863933333
0.118	2.214	2.197	1.231	1.231	0.113	2.217	0.105	1.212	0.098	1.123	0.113	0.133	3.223	0.113		1.0294
0.099	3.223	2.206	0.099	1.118	0.136	1.109	1.208	0.083	1.209	1.115	4.23	4.214	0.118	2.236		1.493533333
0.121	0.129	0.1	0.117	1.213	1.094	0.089	1.196	0.103	2.135	2.212	0.218	2.223	0.092	0.105		0.743133333
0.091	0.107	0.132	0.103	0.095	0.108	1.236	2.15	2.217	1.201	0.107	2.118	0.121	1.215	0.102		0.7402
0.106	1.105	1.199	0.109	0.097	3.23	0.083	1.12	2.215	2.127	0.092	1.095	1.215	0.09	0.113		0.933066667
0.124	2.195	0.104	0.107	0.115	1.21	3.196	0.098	0.091	2.21	1.212	0.112	0.107	2.221	2.231		1.0222
0.107	1.106	2.144	1.121	1.106	0.096	0.095	1.227	0.096	1.107	0.082	0.109	1.122	0.113	0.103		0.648933333
1.212	2.215	1.227	1.094	1.099	2.138	1.206	0.104	0.092	2.22	0.123	0.215	1.208	1.214	0.125		1.0328
0.1	0.086	0.088	0.097	2.197	1.198	0.095	0.093	0.104	0.104	0.102	0.108	0.111	1.151	0.105		0.3826
1.131	0.193	1.121	0.092	0.108	1.119	0.123	0.119	0.101	0.091	1.115	1.107	2.127	0.107	1.123		0.6518
0.106	0.108	1.222	1.203	1.111	0.093	0.1	1.1	1.134	0.11	1.192	2.123	2.13	2.232	0.095		0.937266667
0.116	0.107	1.137	1.123	2.201	2.21	0.096	0.104	1.239	1.194	2.222	4.223	2.207	1.129	1.204		1.367466667
1.212	0.096	0.107	0.104	3.23	1.204	0.095	1.197	3.224	2.229	3.223	0.092	3.218	2.226	0.105		1.437466667
1.122	1.12	3.2	2.128	0.122	3.142	1.218	0.124	0.087	0.101	2.21	2.25	1.11	1.192	0.099		1.281666667
0.114	1.11	1.204	0.101	0.102	2.227	3.108	2.128	0.113	1.212	0.108	2.128	1.23	1.123	0.093		1.0734
2.12	0.125	1.114	0.111	0.115	1.136	0.122	0.107	1.126	3.124	1.118	0.124	0.127	0.088	0.111		0.717866667
0.126	1.113	0.115	3.225	3.245	0.094	2.203	0.122	0.104	0.117	1.21	1.192	0.105	2.228	1.218		1.094466667
0.1	2.228	0.123	0.092	1.113	0.122	1.201	1.202	1.206	0.234	1.137	1.13	0.105	2.117	1.143		0.883533333
0.219	1.119	0.099	2.207	0.122	0.122	3.22	0.123	0.119	0.11	2.118	0.084	0.094	1.132	1.206		0.806266667
0.091	0.099	0.098	0.12	0.104	1.1	0.12	0.107	2.223	2.121	0.097	0.109	0.136	0.111	1.124		0.517333333
0.107	2.199	0.119	1.128	1.23	2.212	2.218	0.11	1.141	2.226	0.184	1.212	1.126	1.222	0.099		1.1022
3.132	0.126	1.204	1.115	1.108	0.097	1.21	1.106	2.22	0.1	2.146	0.105	0.096	1.197	1.124		1.0724
0.116	0.102	0.123	1.223	0.103	1.23	2.109	0.108	0.079	2.232	1.223	1.127	0.111	0.11	0.113		0.673933333
0.089	0.1	2.118	0.122	0.109	0.11	1.133	1.195	1.131	3.237	0.098	2.126	0.108	0.111	1.108		0.859666667
0.121	0.103	0.104	0.11	2.216	0.106	0.093	0.104	0.098	0.109	0.094	3.249	0.086	0.124	0.115		0.455466667
2.209	0.095	0.114	3.118	2.13	1.21	4.225	1.118	1.107	0.122	0.111	1.126	1.113	0.113	0.114		1.201666667
1.116	1.195	0.084	3.234	1.195	0.112	0.122	3.21	1.188	1.134	0.114	2.207	1.225	3.123	0.128		1.292466667
0.099	0.114	1.201	0.125	1.113	2.121	0.105	1.217	1.101	3.217	1.206	0.117	0.125	1.215	0.118		0.8796
3.247	0.129	0.104	0.109	1.206	1.216	1.106	0.11	1.21	0.104	1.124	1.13	0.094	0.098	2.199		0.879066667
2.144	0.11	1.128	0.201	1.113	1.11	0.121	1.133	2.215	1.212	0.115	1.195	1.09	0.108	1.212		0.947133333
1.197	1.114	1.108	0.106	4.236	2.213	0.115	0.113	1.104	1.218	0.106	2.108	0.214	1.133	0.093		1.078533333
0.118	0.105	1.216	4.146	0.132	1.119	3.225	1.204	0.103	1.11	2.22	2.202	0.118	0.125	0.1		1.149533333
2.209	0.108	0.12	0.122	1.204	0.109	3.224	0.123	1.213	0.114	0.113	2.218	2.098	1.195	0.118		0.952533333
0.128	0.132	2.12	0.132	0.117	0.073	4.227	1.12	1.096	1.118	0.124	0.111	3.212	1.102	1.216		1.068533333
1.114	0.117	0.113	0.202	0.102	1.213	1.219	2.219	0.12	1.188	0.114	0.12	0.214	1.216	1.112		0.6922
0.129	1.231	0.105	0.134	0.109	1.111	0.105	1.138	1.095	3.219	0.129	5.233	0.117	1.109	0.113		1.005133333
1.121	1.196	0.117	0.102	0.108	0.1	0.112	1.12	0.101	1.211	1.245	0.117	0.1	3.22	3.21		0.878666667
0.096	1.136	1.223	1.116	1.121	0.122	2.121	0.076	0.108	1.098	0.126	5.241	0.099	2.214	4.24		1.342466667
1.231	2.199	1.122	3.219	0.122	1.213	0.105	2.244	1.2	2.22	2.138	0.096	0.095	1.203	2.232		1.375933333
1.107	0.1	2.23	0.095	0.112	2.133	1.196	0.112	1.204	0.081	0.114	1.22	2.217	0.111	0.109		0.8094
1.224	1.115	1.114	0.099	1.095	1.207	0.105	1.212	3.212	2.214	1.119	0.081	1.118	1.108	0.106		1.075266667
1.107	2.224	0.103	2.223	1.199	3.21	0.11	2.14	1.224	1.114	0.105	1.11	2.124	0.207	1.21		1.294
2.213	0.103	1.12	1.127	1.131	0.111	1.209	1.103	1.111	2.227	1.199	0.109	1.211	0.116	1.106		1.013066667
1.15	2.21	0.114	0.09	2.229	1.213	0.127	0.116	0.124	1.114	0.124	1.204	1.122	2.129	2.223		1.019266667
0.121	0.103	0.135	3.219	2.118	2.127	1.101	3.233	0.098	0.122	1.112	2.098	1.102	0.09	1.208		1.199133333
1.222	0.112	2.225	3.236	0.118	1.099	0.095	0.126	1.206	1.118	0.105	2.131	2.216	0.203	0.109		1.0214
0.09	3.235	0.111	0.081	1.209	0.141	1.218	1.214	0.102	3.224	2.215	2.186	1.207	0.107	0.115		1.097
0.122	2.122	0.111	1.2	1.115	2.211	0.091	0.1	0.105	0.107	1.208	0.109	2.12	1.117	0.106		0.796266667
1.207	0.108	2.217	0.096	2.234	0.096	2.119	0.101	3.117	0.107	2.223	0.114	4.253	0.105	0.125		1.2148
3.128	1.23	0.125	2.208	1.214	2.131	1.227	0.094	0.135	1.126	0.116	0.108	1.19	2.206	1.144		1.1588
0.093	0.108	1.128	1.212	2.116	0.097	1.129	1.114	0.089	0.065	5.267	0.108	2.204	0.086	0.112		0.9952
1.213	0.11	0.113	2.229	1.219	0.112	0.078	0.186	2.201	0.105	1.211	0.111	0.107	0.092	2.22		0.7538
3.146	0.107	3.216	0.093	0.106	0.106	2.203	1.124	1.209	2.219	2.227	0.112	0.129	3.231	0.124		1.290133333
1.127	1.179	1.21	1.225	1.206	0.124	1.113	0.098	2.202	0.098	4.221	0.096	2.207	0.113	0.095		1.0876
0.094	0.121	1.123	1.113	0.132	1.208	3.226	1.121	0.119	0.113	2.223	0.109	1.12	0.108	0.114		0.802933333
3.218	3.231	1.132	0.13	0.111	1.205	0.107	0.084	2.115	0.088	0.104	0.115	1.217	0.104	0.113		0.8716
1.216	0.092	0.106	0.121	0.112	1.112	1.218	2.131	3.225	1.125	0.124	0.096	4.126	1.185	0.106		1.073
5.14	1.107	0.115	0.09	0.098	1.111	0.131	0.107	1.116	0.104	0.125	1.212	4.229	0.106	1.107		1.059866667
0.106	0.092	0.109	1.1	0.103	0.091	0.103	2.218	2.216	2.231	1.216	0.129	2.207	0.098	1.147		0.877733333
0.107	0.111	0.104	3.239	1.147	1.209	0.073	1.107	1.105	0.094	0.103	1.102	2.202	2.225	0.083		0.934066667
0.115	0.097	1.204	2.118	1.121	0.113	0.107	3.224	1.108	0.113	1.114	0.124	0.117	1.127	3.237		1.0026
0.107	1.109	3.229	0.104	3.227	0.093	0.1	1.124	1.203	0.122	0.099	0.117	2.218	2.215	1.129		1.079733333
0.11	0.102	0.091	0.096	1.128	0.108	2.106	0.116	0.101	1.208	0.11	4.211	0.101	1.111	1.222		0.794733333
1.213	0.094	0.101	0.105	1.091	2.205	0.106	2.201	0.091	0.118	1.212	0.091	1.119	2.146	0.114		0.800466667
3.142	4.225	1.099	3.247	3.211	0.125	0.104	1.21	2.144	2.126	1.108	1.207	2.23	0.117	1.112		1.760466667
1.22	0.208	0.107	1.221	1.128	1.217	3.23	0.11	1.208	2.126	1.094	0.104	2.115	0.126	0.089		1.0202
3.22	0.126	3.213	0.088	1.213	1.107	1.225	0.117	0.106	0.114	0.108	1.157	0.078	1.225	0.099		0.879733333
1.233	1.107	2.227	1.112	0.126	2.2	1.127	1.115	0.093	0.086	0.103	0.107	1.228	5.235	1.2		1.219933333
0.138	0.085	1.122	2.206	1.132	2.224	2.13	2.223	0.122	3.232	0.104	1.115	2.136	2.227	0.076		1.351466667
0.114	0.118	1.217	0.112	0.103	2.23	0.11	1.103	2.197	2.219	0.187	1.2	0.106	1.118	0.12		0.816933333
0.084	0.105	1.139	1.199	0.096	0.097	2.212	1.115	0.09	2.12	0.108	2.128	1.095	2.215	0.099		0.9268
0.091	0.093	1.126	0.097	1.131	1.206	1.117	1.216	0.103	0.119	1.134	0.093	0.119	0.126	1.13		0.5934
1.201	3.104	1.126	0.113	1.114	2.121	0.099	2.238	3.228	0.102	0.106	0.12	1.196	0.11	0.111		1.0726
2.145	0.216	0.133	1.117	1.194	0.091	0.102	1.204	0.099	0.098	1.255	3.223	0.111	2.126	1.107		0.948066667
1.234	3.141	1.118	0.105	0.128	2.235	1.22	2.121	0.087	0.115	1.121	3.206	1.206	0.108	2.194		1.289266667
0.108	1.104	0.114	1.207	0.096	3.212	0.104	1.213	0.119	0.109	2.235	2.215	2.221	0.111	0.141		0.953933333
1.12	2.229	4.235	0.11	1.123	1.18	1.215	1.116	0.102	3.225	0.102	0.119	0.209	1.124	0.112		1.154733333
0.102	2.207	0.089	1.14	1.199	0.086	1.112	2.214	1.201	1.21	2.233	0.102	1.114	0.115	0.099		0.9482
0.099	1.248	0.117	1.115	0.093	0.112	2.222	1.205	3.23	3.23	0.105	0.096	0.082	0.111	3.115		1.078666667
0.101	2.205	0.108	2.211	1.113	0.109	1.124	0.115	1.109	0.127	0.101	0.125	0.13	1.201	1.205		0.738933333
1.203	0.096	1.194	0.14	0.136	0.118	0.112	2.212	0.112	2.126	1.215	1.12	1.2	0.118	2.11		0.8808
1.12	0.101	0.088	2.197	1.232	0.117	0.126	0.072	1.204	2.226	0.126	1.2	0.107	0.106	1.227		0.749933333
3.125	1.206	0.109	1.211	1.091	2.114	0.098	0.109	0.104	0.136	3.11	0.124	2.119	0.102	1.128		1.059066667
1.217	1.094	2.213	1.123	1.117	1.237	0.121	0.113	0.104	0.11	3.226	0.078	2.186	0.11	1.105		1.010266667
0.121	1.116	3.231	0.101	0.11	1.109	1.198	0.108	0.105	0.123	1.092	0.125	3.212	1.102	2.205		1.003866667
2.211	0.109	0.105	1.216	0.11	0.125	2.116	2.214	1.203	4.21	1.125	2.118	2.223	0.083	1.22		1.3592
6.236	0.098	1.197	0.101	0.09	0.11	1.124	1.127	3.231	0.109	1.216	0.108	1.124	0.122	1.128		1.1414
0.111	2.229	0.107	1.084	0.142	0.207	2.204	0.125	0.086	0.236	0.121	1.206	1.118	0.111	1.205		0.686133333
2.21	1.113	0.107	1.222	1.108	3.136	0.129	1.126	1.131	1.115	0.105	0.102	3.237	0.124	0.121		1.0724
0.106	0.126	1.205	1.106	2.237	1.122	0.101	0.136	1.1	0.09	0.097	0.123	3.224	0.101	1.112		0.799066667
1.19	1.213	0.12	0.118	2.215	2.226	1.115	0.124	1.23	3.238	2.13	0.095	0.111	0.13	2.155		1.160666667
1.12	0.11	0.112	0.11	3.207	1.134	0.116	0.12	2.241	4.239	0.115	1.131	0.117	2.213	1.214		1.153266667
1.125	2.123	0.096	1.208	1.205	0.13	1.225	0.134	0.115	0.093	0.105	1.134	1.206	0.112	1.097		0.740533333
1.093	0.123	2.105	1.106	1.121	0.078	3.123	1.218	2.219	2.204	0.095	1.221	0.128	0.113	3.203		1.276666667
0.105	1.139	1.196	0.095	0.093	0.091	1.105	1.122	0.114	1.105	0.121	1.116	0.118	0.088	0.089		0.513133333
0.115	1.118	2.124	0.104	0.117	1.209	1.203	1.099	2.235	0.104	1.211	0.118	0.103	0.093	0.127		0.738666667
0.101	0.114	0.104	0.101	0.102	1.114	0.116	1.225	1.183	0.108	3.119	0.078	1.194	1.214	0.119		0.666133333
1.202	0.116	0.101	0.111	0.112	0.085	2.107	0.095	2.134	0.104	0.1	0.099	0.103	0.124	2.221		0.5876
1.199	3.221	2.23	0.118	0.105	1.1	0.106	1.188	0.093	1.117	1.251	1.117	1.095	0.114	1.2		1.016933333
1.12	0.079	0.126	0.108	1.104	1.217	0.099	1.092	0.109	0.11	1.093	1.196	0.107	0.093	1.117		0.584666667
2.122	1.192	1.199	0.118	0.09	1.117	0.101	1.115	1.205	0.116	0.097	0.121	0.122	0.103	4.209		0.868466667
1.206	0.107	1.102	1.107	0.131	1.122	3.197	3.129	1.225	0.183	1.189	1.139	0.141	0.112	1.212		1.0868
1.097	0.122	0.11	2.205	1.205	3.208	0.108	1.219	0.115	1.099	1.097	1.206	1.11	0.094	0.109		0.940266667
0.103	1.119	3.231	3.118	1.118	1.112	0.111	1.121	0.11	0.084	0.101	0.107	1.19	1.203	1.122		0.996666667
2.204	0.102	0.122	1.21	3.208	1.185	2.19	1.201	2.143	1.117	0.081	1.118	0.122	0.087	1.103		1.1462
2.126	2.203	0.094	3.23	0.103	1.11	1.141	0.105	1.224	1.111	0.13	1.09	2.129	0.088	1.103		1.132466667
0.069	0.113	3.22	0.12	1.195	1.211	0.132	1.102	1.124	1.195	0.101	0.105	0.09	1.112	1.224		0.807533333
0.12	4.235	0.092	1.217	0.11	2.114	3.238	2.215	2.119	0.1	0.107	1.231	3.199	0.098	2.105		1.486666667
4.208	1.212	0.102	0.114	1.114	0.117	1.213	0.128	0.096	2.207	1.197	2.119	0.104	0.1	0.116		0.943133333
1.212	0.115	1.125	1.218	0.079	1.12	0.111	1.113	0.119	2.209	1.137	0.11	2.227	2.221	0.131		0.9498
3.205	0.085	2.233	0.119	2.207	1.09	1.217	1.118	0.097	0.117	1.118	0.209	1.212	1.207	1.103		1.089133333
2.218	1.171	1.1	1.112	0.123	1.218	1.097	1.22	1.203	0.128	2.209	0.074	1.129	0.097	0.108		0.947133333
5.254	0.107	0.11	0.116	2.102	0.11	0.114	1.127	2.118	1.124	1.217	1.103	0.086	1.119	0.104		1.060733333
1.128	0.101	1.218	1.222	1.226	2.123	0.116	0.103	1.221	1.207	0.105	0.114	0.116	2.205	1.229		0.8956
3.258	0.117	0.111	0.102	1.111	2.226	1.194	1.203	0.104	1.103	0.099	0.107	0.122	1.205	2.142		0.946933333
0.105	2.106	1.12	2.22	0.113	0.107	0.108	1.204	0.107	0.102	1.105	0.112	0.083	0.118	1.21		0.661333333
0.127	2.101	1.124	2.213	0.118	1.109	2.236	0.107	2.104	0.118	0.111	2.208	1.194	0.109	3.222		1.2134
1.223	0.106	0.109	2.227	2.152	2.203	3.123	2.123	1.202	0.113	1.109	3.213	1.132	1.137	0.106		1.418533333
0.086	0.108	1.099	0.088	1.105	2.126	0.125	1.202	0.132	0.199	0.187	0.099	2.101	1.13	0.104		0.6594
2.23	2.23	1.192	0.108	1.214	0.115	2.23	0.117	0.097	1.104	0.095	1.112	1.2	1.203	2.226		1.0982
0.087	0.093	0.117	2.136	3.214	0.129	1.107	2.22	0.109	1.227	0.139	0.091	1.199	1.131	0.126		0.875
0.111	2.105	0.107	0.097	1.192	1.212	0.128	1.103	1.106	0.08	1.117	0.116	0.106	1.121	1.111		0.7208
0.101	0.098	3.134	1.187	0.117	2.158	2.228	0.102	0.084	0.094	0.081	1.215	1.123	0.09	0.091		0.793533333
0.11	0.102	0.106	0.106	0.137	1.131	2.227	0.112	2.226	1.121	2.232	0.125	1.104	1.22	2.204		0.950866667
1.115	0.107	1.211	0.092	0.125	1.205	0.105	1.104	0.095	1.205	1.236	1.126	1.124	0.095	0.104		0.669933333
0.108	0.106	1.12	2.19	0.099	0.092	0.108	0.102	0.108	0.1	1.112	1.111	2.216	0.103	2.105		0.718666667
0.106	3.207	0.107	3.24	1.14	0.109	0.115	1.12	0.122	0.1	0.112	3.22	1.222	1.124	1.214		1.083866667
0.094	1.118	1.195	1.109	0.116	1.136	0.094	0.114	0.092	1.119	2.206	1.082	0.12	0.105	1.108		0.720533333
2.236	1.12	1.109	3.215	3.216	1.211	1.201	1.234	1.221	1.213	0.089	0.124	1.126	0.082	1.117		1.300933333
0.099	0.092	2.196	0.101	1.25	1.099	0.107	0.091	2.108	2.218	0.124	2.235	0.104	0.101	0.122		0.803133333
0.118	0.183	0.121	2.235	3.217	1.22	2.126	0.098	2.228	1.189	1.203	0.089	1.188	1.215	0.118		1.1032
1.113	0.119	0.103	1.129	1.221	1.116	0.11	1.13	2.19	0.103	2.126	0.116	1.087	2.218	3.219		1.14
1.206	0.118	0.089	2.234	2.127	0.093	0.114	0.103	4.223	1.132	0.126	2.212	0.11	1.097	0.111		1.006333333
1.103	0.109	1.187	1.102	0.106	0.128	1.192	0.114	2.105	1.208	0.205	2.124	2.195	3.128	2.202		1.213866667
0.127	1.124	1.095	1.199	2.198	0.124	0.1	0.087	1.222	2.217	0.097	1.199	0.12	3.25	0.095		0.950266667
1.213	0.121	2.146	1.197	2.122	2.242	0.118	0.088	1.119	1.106	0.107	2.212	1.122	1.13	1.115		1.143866667
2.152	1.133	0.115	0.095	0.089	0.093	2.12	2.223	2.22	0.126	0.123	0.094	0.103	0.091	2.226		0.866866667
1.23	2.231	1.202	0.123	0.11	1.206	1.227	2.206	0.105	3.21	1.118	1.199	0.112	1.111	0.095		1.099
0.101	2.227	1.115	0.125	0.125	0.091	2.126	1.216	1.203	1.116	3.142	2.13	0.097	0.115	0.091		1.001333333
0.126	0.096	0.097	1.101	1.214	1.208	2.222	0.127	2.122	0.104	0.098	0.124	0.11	0.125	0.091		0.597666667
1.093	1.217	3.231	0.123	0.087	1.143	3.21	2.128	0.117	0.101	0.111	1.2	1.116	1.2	1.121		1.146533333
0.106	1.121	2.242	1.115	1.208	1.1	1.217	0.1	2.234	1.126	0.115	0.116	0.097	0.107	1.128		0.875466667
1.113	0.103	0.094	0.104	0.112	3.208	0.1	0.107	1.094	0.106	0.092	1.13	2.229	2.118	0.106		0.787733333
0.109	0.111	0.089	0.117	2.11	0.108	0.103	0.098	0.093	1.193	0.223	2.222	1.169	0.095	0.111		0.530066667
0.094	2.214	1.112	1.204	1.216	0.113	1.122	1.205	1.216	2.123	2.121	0.118	0.109	0.092	0.136		0.946333333
0.115	0.124	0.101	0.107	1.121	1.216	1.205	0.139	1.119	0.105	2.2	1.136	2.124	0.095	0.114		0.734733333
2.22	1.122	0.105	0.106	1.123	4.133	2.111	3.121	2.12	0.089	3.237	1.114	0.126	1.202	2.236		1.611
0.094	0.104	0.206	0.095	0.11	0.13	0.126	0.113	2.227	2.228	0.125	2.216	0.117	0.113	0.094		0.539866667
1.114	0.074	2.136	1.194	0.103	2.244	1.212	1.214	1.107	0.094	5.237	2.236	1.221	1.092	1.196		1.4316
1.205	0.095	0.115	0.102	0.108	1.125	2.111	1.118	2.124	0.107	1.212	0.101	1.111	0.12	1.127		0.792066667
0.113	1.217	1.121	1.114	0.099	2.133	1.193	0.112	4.23	0.213	1.096	0.111	0.133	2.223	2.106		1.1476
0.128	0.134	1.109	0.119	1.188	1.205	0.113	2.22	2.202	2.121	0.224	0.105	0.102	3.233	3.219		1.161466667
0.111	0.14	1.136	0.12	1.115	0.072	2.221	0.122	0.101	4.227	0.1	1.118	0.101	1.206	1.2		0.872666667
0.134	2.112	1.244	2.22	0.117	0.113	1.093	1.203	0.12	1.1	1.146	2.214	0.097	4.237	1.11		1.217333333
0.093	0.099	0.104	0.113	0.094	2.199	1.12	1.096	2.229	0.102	1.138	2.138	0.115	2.215	0.098		0.863533333
0.101	1.197	0.089	2.114	0.1	0.116	0.202	2.217	0.145	1.134	4.22	0.19	0.121	0.101	2.22		0.951133333
0.097	1.116	0.109	0.12	1.133	1.099	0.088	2.211	0.12	0.225	0.128	0.107	0.137	2.216	1.09		0.6664
2.117	0.105	1.126	0.206	1.123	2.231	2.116	1.219	1.208	2.119	1.232	1.095	1.212	1.219	1.228		1.303733333
1.213	0.101	1.191	0.097	1.23	0.096	3.248	1.119	0.12	1.202	0.116	2.223	1.216	0.105	1.123		0.96
1.124	2.232	0.118	0.108	0.109	2.195	0.123	3.143	1.204	0.121	1.101	3.136	0.116	0.107	3.227		1.210933333
0.112	0.1	1.134	1.127	0.103	0.109	0.12	0.104	0.121	0.114	0.104	1.2	3.144	1.226	1.216		0.668933333
1.219	1.118	3.227	1.205	0.117	3.241	2.2	1.203	0.103	1.116	3.224	2.124	1.21	0.099	1.129		1.502333333
3.222	2.197	0.123	0.105	2.127	0.1	0.111	2.204	2.125	1.108	1.204	1.211	2.126	2.108	0.111		1.345466667
1.222	1.134	1.209	0.121	1.226	0.125	1.189	0.109	1.228	0.12	1.136	1.137	1.214	0.116	3.208		0.966266667
1.126	0.099	1.217	1.121	1.108	1.202	0.122	1.111	2.141	0.074	1.197	2.208	1.111	1.193	0.084		1.0076
0.091	0.126	2.115	1.117	0.107	1.136	0.135	1.217	0.121	0.119	3.241	0.103	1.218	0.108	0.106		0.737333333
0.104	0.1	0.117	0.104	0.101	0.112	2.132	0.113	1.228	0.119	0.127	0.136	2.218	1.206	2.211		0.6752
0.119	0.121	1.11	0.131	1.19	0.098	1.195	1.104	0.097	1.223	0.109	1.228	1.218	0.128	0.116		0.612466667
1.218	0.201	1.099	0.117	0.125	1.222	1.105	0.091	1.107	1.124	1.222	2.206	1.211	0.088	1.113		0.883266667
0.116	2.109	0.082	0.115	2.122	3.231	0.113	0.104	0.117	0.133	1.206	0.105	0.099	0.116	0.093		0.6574
0.101	0.114	1.19	0.098	1.219	0.113	0.106	2.215	1.211	1.117	1.135	1.11	0.112	1.201	1.233		0.818333333
1.111	0.12	0.106	2.215	1.225	1.216	0.095	1.203	0.109	0.114	0.12	1.107	1.098	1.103	2.213		0.877
2.225	0.09	3.128	3.144	0.118	0.123	2.206	1.228	0.104	1.213	0.102	1.122	0.108	0.118	0.108		1.009133333
1.214	1.123	3.225	4.23	1.116	1.209	0.106	0.119	0.117	0.096	0.096	1.182	1.094	0.089	1.199		1.081
0.111	0.105	2.233	0.218	1.214	0.108	1.111	0.104	0.097	0.094	1.121	0.105	1.23	0.107	0.094		0.5368
1.133	0.104	0.107	0.097	1.125	1.121	0.109	1.117	0.107	6.229	1.097	0.109	0.116	2.229	0.111		0.994066667
1.211	1.116	1.123	0.085	1.117	1.128	0.127	0.091	0.118	2.234	1.168	0.103	0.101	2.121	0.113		0.797066667
