0.285	1.291	0.276	0.286	0.303	0.283	2.325	0.306	1.303	0.285	0.274	1.286		0.708583333
0.192	0.174	1.179	0.19	0.172	0.184	1.178	0.175	0.158	0.186	1.181	1.199		0.514
0.2	0.199	1.292	2.236	3.212	1.172	2.204	0.184	1.196	0.213	1.2	1.296		1.217
1.196	0.171	2.303	2.283	1.297	0.183	0.194	2.212	0.194	0.169	0.173	0.16		0.877916667
0.176	3.294	1.282	1.19	0.191	0.177	0.181	3.323	0.198	0.179	1.19	0.202		0.96525
2.274	1.298	0.177	1.273	3.222	2.222	0.189	1.294	1.275	0.177	4.318	1.273		1.582666667
0.201	0.2	1.211	3.182	1.283	0.186	2.302	2.184	1.191	2.197	4.313	0.174		1.552
1.306	3.199	0.191	1.291	0.191	1.284	0.166	0.167	1.185	0.173	0.159	1.288		0.883333333
2.342	0.22	1.291	0.165	1.283	0.201	1.301	1.303	1.165	0.209	1.289	2.193		1.080166667
2.208	1.273	1.183	1.195	2.213	0.173	3.2	2.192	0.183	1.305	0.183	0.172		1.29
1.258	0.181	1.297	2.304	2.301	0.182	0.212	0.299	1.278	1.198	2.202	2.294		1.2505
0.163	1.164	0.191	3.289	2.309	1.279	0.196	0.188	2.296	1.173	0.197	1.208		1.13775
1.186	1.186	2.207	2.317	0.2	0.168	1.275	0.194	1.198	1.272	0.185	0.185		0.964416667
3.206	1.314	0.206	0.166	0.194	0.216	1.183	0.184	2.304	2.287	0.289	1.282		1.06925
3.304	1.209	1.284	2.286	0.173	2.29	1.184	1.223	1.177	1.215	0.195	4.318		1.654833333
0.184	0.18	2.194	0.218	2.196	2.305	0.175	1.192	0.189	1.295	0.175	3.302		1.13375
0.19	0.173	1.196	0.178	0.184	0.19	1.197	0.185	0.187	0.195	2.282	2.299		0.704666667
1.228	1.181	1.29	1.198	0.181	1.183	1.307	0.194	0.179	0.174	1.206	0.204		0.79375
1.297	0.203	0.194	1.201	0.186	1.277	1.167	0.153	0.205	1.2	1.262	1.309		0.8045
0.195	1.295	1.267	0.304	0.29	1.322	0.172	0.189	0.2	1.297	0.196	0.162		0.574083333
2.211	3.216	0.183	0.199	1.193	2.23	2.299	0.193	0.18	1.205	1.202	0.155		1.2055
0.19	0.176	0.198	2.187	0.212	0.182	1.213	1.19	2.296	1.259	1.279	0.176		0.879833333
0.184	1.296	0.182	1.21	1.21	0.198	0.16	0.193	1.283	1.204	3.202	1.292		0.967833333
0.199	2.192	1.167	1.283	0.202	3.313	0.183	0.177	0.154	1.199	2.316	1.177		1.130166667
1.3	2.321	1.282	1.19	0.192	1.294	3.321	2.286	1.163	2.298	2.285	1.194		1.677166667
0.208	1.287	2.22	0.187	4.295	1.278	0.198	2.28	0.193	1.182	1.205	3.303		1.486333333
0.188	2.211	2.31	0.199	0.202	0.186	1.172	0.194	1.271	1.281	0.173	1.218		0.88375
0.182	0.195	1.201	0.187	1.197	1.187	1.203	1.303	0.174	3.224	1.306	0.303		0.971833333
2.178	0.194	2.315	2.293	0.182	2.306	0.205	0.209	3.215	1.283	1.214	1.201		1.399583333
1.313	0.17	1.296	0.166	0.278	1.208	2.287	0.217	0.17	1.188	1.206	2.193		0.974333333
1.183	1.297	1.301	0.183	0.2	0.194	1.175	0.183	1.291	1.165	0.191	0.212		0.714583333
0.199	0.197	1.194	2.288	2.199	0.192	0.197	0.208	1.194	3.279	0.193	1.27		1.050833333
0.165	0.177	0.197	1.213	4.29	0.171	1.186	2.215	0.188	1.315	1.268	2.305		1.224166667
1.224	0.207	1.278	1.261	1.29	1.315	1.292	0.167	4.28	2.326	0.165	1.189		1.332833333
1.28	1.193	2.194	2.203	0.192	3.296	2.207	2.279	0.17	2.304	2.197	0.172		1.640583333
2.179	3.273	2.309	1.207	1.179	1.287	0.187	0.2	1.192	3.308	1.307	1.196		1.568666667
0.199	0.203	0.179	2.29	4.342	1.183	1.171	0.187	3.301	0.179	1.196	0.183		1.21775
2.287	0.29	1.188	1.29	0.2	0.188	0.185	0.19	0.183	2.306	1.185	1.203		0.89125
0.174	2.215	0.191	1.208	2.293	4.297	1.186	1.179	0.18	2.191	1.274	0.197		1.382083333
0.179	0.195	1.301	0.193	0.196	4.325	0.196	0.195	3.307	0.159	1.208	3.323		1.231416667
1.291	1.195	3.3	1.295	0.208	0.18	0.191	1.322	1.307	0.187	2.293	0.209		1.0815
2.199	1.275	1.205	0.19	2.294	1.179	0.185	0.187	0.194	0.287	1.307	2.307		1.067416667
0.197	1.272	2.315	0.194	1.187	1.295	1.292	0.176	1.211	1.2	0.197	1.318		0.987833333
1.277	0.204	2.302	0.168	2.274	0.191	0.166	1.225	1.295	0.177	0.182	0.196		0.80475
1.19	0.182	0.175	0.191	0.198	2.274	0.169	1.183	1.18	0.184	0.167	0.206		0.60825
0.196	0.188	3.305	0.185	0.186	1.292	1.189	0.199	3.305	3.3	1.199	1.192		1.311333333
0.159	0.178	0.166	1.221	2.312	1.2	0.182	0.202	0.196	0.206	2.206	0.173		0.700083333
0.217	1.183	1.284	0.183	0.18	4.309	2.204	0.186	2.309	2.304	1.282	1.287		1.410666667
1.296	1.306	4.215	2.299	0.188	1.293	2.297	0.191	1.189	0.191	2.285	0.173		1.41025
0.199	0.189	0.176	0.176	2.303	1.231	0.196	1.28	1.2	2.216	1.289	1.202		0.971416667
0.163	0.202	1.284	2.307	1.206	0.209	0.192	1.279	1.189	2.283	0.185	0.19		0.89075
0.192	2.223	0.201	0.191	0.19	1.296	0.197	1.21	0.295	0.177	1.199	3.282		0.88775
0.169	0.168	2.302	2.286	1.293	1.214	1.285	1.288	0.189	0.183	2.289	0.154		1.068333333
1.167	1.292	1.201	1.185	0.209	0.21	1.2	1.292	1.213	1.181	1.226	0.192		0.964
0.182	3.284	1.183	1.307	1.284	0.187	0.182	0.186	0.182	0.288	0.195	0.258		0.7265
1.207	0.162	2.292	0.179	1.186	1.199	0.201	2.195	0.202	0.203	0.194	1.215		0.869583333
0.196	0.171	1.298	2.207	0.169	3.301	0.193	0.198	2.298	1.18	1.305	2.301		1.23475
1.279	0.175	0.184	0.18	1.183	1.283	1.284	1.176	0.191	0.18	1.202	2.283		0.883333333
0.173	0.191	1.186	0.169	0.186	1.205	3.299	2.278	1.285	2.269	0.199	0.166		1.0505
0.155	1.198	0.178	2.314	2.321	1.285	1.17	0.201	1.16	3.297	2.265	0.198		1.311833333
1.159	3.31	0.183	0.199	1.28	2.217	1.292	0.193	0.166	0.19	0.193	1.2		0.965166667
1.187	0.194	0.186	0.177	3.21	0.188	1.186	0.161	1.309	1.285	0.193	1.177		0.871083333
0.189	0.179	0.187	0.18	1.266	0.196	1.224	0.172	1.157	0.168	0.19	0.167		0.439583333
0.196	2.284	2.207	3.299	0.181	0.206	3.325	0.212	3.323	2.215	0.185	2.285		1.659833333
2.289	2.293	1.29	0.182	1.288	0.195	1.276	0.162	0.186	1.287	0.185	0.203		0.903
1.294	2.266	1.206	1.296	0.181	2.281	3.323	1.309	0.166	1.289	1.276	1.177		1.422
0.212	0.174	0.194	1.192	1.193	0.19	1.296	1.166	1.201	0.172	3.232	0.164		0.8655
1.19	1.284	1.252	0.193	1.262	0.188	3.31	2.348	0.182	0.2	2.282	1.192		1.24025
0.192	0.198	1.195	0.195	0.195	2.303	0.205	0.197	1.267	0.171	1.283	2.296		0.808083333
0.177	1.194	0.193	1.288	1.282	4.308	1.267	2.195	1.21	0.168	0.189	0.211		1.140166667
1.279	0.183	2.289	1.2	0.199	0.181	0.163	0.2	0.211	2.212	1.171	0.183		0.78925
1.195	1.181	0.217	0.208	0.188	0.193	0.177	0.2	0.182	0.186	1.293	1.188		0.534
2.297	0.169	2.195	0.213	1.208	3.316	1.208	2.268	1.298	2.297	0.187	1.304		1.496666667
0.216	1.279	1.192	1.308	1.202	0.179	2.193	0.195	1.185	0.188	1.203	0.185		0.877083333
1.196	0.196	0.2	1.19	2.292	3.29	0.184	0.201	1.29	1.209	2.304	1.192		1.228666667
1.272	1.19	0.269	0.192	2.308	1.295	2.31	1.289	1.182	0.191	1.191	0.178		1.07225
0.182	2.189	4.224	0.175	2.277	1.178	0.191	2.293	0.204	0.204	2.288	0.202		1.300583333
0.188	1.305	1.288	1.297	4.337	1.295	4.296	0.163	4.306	0.198	1.296	2.201		1.8475
1.165	2.301	1.209	2.191	1.281	1.155	0.186	1.344	1.261	1.303	0.202	0.193		1.14925
1.278	1.27	2.288	1.319	0.205	2.212	0.174	1.185	1.296	1.313	1.179	1.292		1.250916667
1.277	2.202	0.203	0.174	0.204	1.308	1.292	1.197	1.197	3.212	1.302	1.199		1.230583333
1.192	3.307	2.29	1.204	0.217	0.208	1.195	0.194	0.173	1.302	2.181	2.265		1.310666667
1.218	0.179	0.152	0.175	0.197	0.184	1.293	0.182	0.189	2.212	2.307	0.197		0.707083333
1.277	0.207	0.193	2.293	0.177	0.174	1.169	0.204	1.197	1.274	0.203	0.18		0.712333333
1.176	1.189	0.176	1.307	1.186	1.191	2.205	3.275	0.193	1.28	2.296	1.286		1.396666667
2.294	0.181	0.183	0.198	0.185	1.297	0.189	2.297	1.273	3.189	2.222	0.198		1.142166667
0.215	1.279	0.185	0.189	0.185	2.202	1.285	2.27	1.281	1.291	1.293	0.171		0.987166667
2.309	0.19	0.2	1.287	1.207	1.295	0.175	0.211	3.307	1.161	0.181	0.179		0.975166667
1.301	1.194	1.305	0.198	0.169	1.188	0.177	0.151	1.285	1.19	0.18	0.189		0.710583333
3.299	0.196	0.195	0.195	0.211	1.184	0.181	0.175	1.204	0.181	2.297	2.164		0.956833333
1.2	0.195	1.204	0.198	0.17	1.285	1.175	1.292	0.23	0.173	1.276	1.318		0.809666667
0.206	0.173	0.192	0.184	0.181	0.182	0.203	0.169	1.185	0.192	2.178	2.215		0.605
3.275	2.195	1.279	0.194	1.298	0.191	0.199	0.183	0.178	2.276	0.178	2.315		1.14675
0.21	0.205	0.181	1.177	2.321	4.29	3.315	1.286	1.297	1.199	0.196	0.169		1.3205
1.288	0.175	2.305	0.197	1.29	1.275	1.169	2.171	0.163	2.284	0.166	0.18		1.05525
2.181	0.161	1.182	0.215	0.186	1.195	0.173	1.296	1.302	1.312	0.185	1.223		0.88425
1.287	0.186	2.311	0.187	0.193	2.285	3.3	1.165	2.305	1.179	2.329	2.328		1.587916667
3.268	2.32	1.282	3.301	2.203	2.19	0.187	0.202	1.212	0.175	1.285	1.213		1.569833333
2.306	1.213	0.19	1.212	0.162	0.205	0.188	0.194	1.294	1.164	0.203	0.187		0.709833333
0.183	1.303	4.196	0.189	0.232	0.157	1.33	0.196	0.171	2.281	0.186	1.314		0.978166667
0.193	1.188	1.294	0.173	0.199	1.295	0.181	0.199	1.174	1.189	0.194	0.202		0.623416667
0.181	0.196	0.175	2.311	1.294	0.183	1.192	0.162	1.264	0.186	3.307	0.169		0.885
0.181	2.28	0.196	1.266	1.186	1.213	1.185	0.187	2.234	2.284	0.171	0.199		1.0485
0.31	2.294	1.316	1.204	0.174	0.189	0.272	1.303	2.29	0.198	1.188	1.18		0.993166667
2.19	1.282	1.198	1.281	4.325	0.173	0.182	0.188	0.283	0.191	1.298	1.211		1.150166667
0.18	0.178	1.297	0.169	1.203	0.158	0.208	0.17	1.199	0.177	0.194	0.194		0.443916667
0.19	1.206	2.21	1.295	2.307	3.303	3.198	1.191	1.183	2.282	1.197	2.314		1.823
1.276	0.17	4.308	4.224	0.165	1.272	0.2	1.205	0.204	1.321	1.188	0.187		1.31
0.203	1.209	1.277	0.175	1.194	1.189	2.312	0.214	1.2	1.172	1.301	0.186		0.969333333
2.224	1.272	0.18	0.203	1.307	1.205	2.308	1.218	0.19	1.289	0.174	1.194		1.063666667
1.303	0.167	0.193	2.288	0.211	1.276	1.176	0.203	0.177	1.291	1.194	1.203		0.890166667
0.214	1.205	1.196	0.182	0.173	0.17	0.175	1.284	0.179	0.179	0.173	2.275		0.617083333
0.197	1.198	0.181	1.195	0.207	0.186	1.315	0.189	2.297	2.207	0.196	1.195		0.88025
2.215	1.21	1.185	0.193	1.199	2.302	0.184	1.194	1.295	2.304	1.167	2.236		1.390333333
2.315	0.166	1.197	0.303	2.298	1.316	0.187	1.199	4.223	0.184	1.172	1.289		1.32075
0.169	3.302	0.281	1.206	2.318	1.184	2.209	4.3	1.304	0.186	1.182	1.286		1.57725
3.221	0.198	1.192	0.18	0.189	3.301	1.193	3.301	0.194	0.22	1.311	1.179		1.306583333
0.181	2.192	0.177	0.201	1.299	1.292	0.207	1.29	1.277	4.299	1.217	1.293		1.24375
4.33	4.284	3.293	3.219	3.28	0.155	3.271	3.208	0.181	3.3	4.313	0.207		2.753416667
0.195	1.301	1.276	1.205	2.216	1.193	1.303	0.207	0.184	1.313	0.182	0.189		0.897
1.293	3.284	0.174	3.294	2.303	1.29	0.181	0.29	1.195	1.296	1.295	2.304		1.516583333
2.216	0.175	2.279	0.17	0.197	1.208	0.197	0.18	2.301	0.158	1.194	0.227		0.875166667
2.287	0.171	3.299	1.249	0.187	0.187	2.275	0.187	1.201	1.206	1.287	0.176		1.142666667
1.293	0.162	0.203	3.319	1.193	2.295	1.182	2.183	2.177	0.182	1.19	0.19		1.297416667
0.184	0.177	0.183	0.192	1.326	1.297	1.305	3.286	1.298	1.301	0.182	1.185		0.993
1.198	2.27	1.3	0.2	1.217	3.321	3.3	0.195	1.287	1.191	2.327	2.308		1.676166667
1.225	0.179	2.208	1.206	1.187	0.19	0.179	1.266	0.167	2.229	1.296	1.266		1.049833333
1.173	4.307	2.312	1.304	0.185	0.203	0.2	1.211	0.174	1.179	1.181	0.167		1.133
0.256	1.287	2.314	1.177	1.302	1.309	2.175	1.293	0.182	0.175	0.175	1.2		1.070416667
0.191	0.178	1.232	0.175	0.177	0.188	2.292	0.195	1.199	1.297	0.196	1.194		0.7095
0.183	2.22	1.319	0.168	0.164	2.308	0.183	1.184	1.29	0.184	1.294	2.297		1.066166667
1.173	0.19	1.305	0.19	0.182	2.309	1.306	2.294	1.308	1.177	0.198	2.302		1.161166667
0.194	1.284	0.176	0.201	0.165	2.212	1.293	2.296	0.159	1.318	2.185	1.215		1.058166667
0.201	0.218	1.205	2.298	1.219	0.196	0.172	1.205	0.19	0.193	1.277	1.174		0.795666667
0.19	0.185	0.214	1.275	2.308	0.176	0.188	2.295	1.191	1.207	0.173	3.297		1.05825
2.303	1.186	1.272	1.303	2.294	1.286	2.223	0.202	0.206	2.204	0.208	1.264		1.32925
1.277	0.22	1.195	1.177	0.198	0.18	3.319	0.188	1.278	1.312	0.212	2.217		1.064416667
0.189	0.18	1.295	2.195	1.173	0.194	0.188	1.29	1.205	1.222	0.195	2.282		0.967333333
1.299	0.184	0.173	0.208	3.308	0.192	0.2	0.21	2.283	4.306	1.275	1.309		1.245583333
0.184	0.185	0.21	2.294	2.311	0.185	1.202	2.204	0.163	2.328	3.184	0.219		1.222416667
1.191	2.315	0.181	1.204	0.182	3.221	0.17	1.29	0.182	4.31	2.322	0.188		1.396333333
1.28	2.312	1.273	4.302	0.185	0.198	1.296	2.174	1.276	0.184	1.306	0.204		1.3325
2.198	1.177	2.188	3.308	0.19	1.306	1.302	1.209	0.205	2.305	3.304	0.191		1.573583333
0.171	2.285	0.188	1.184	0.18	1.312	2.187	0.183	1.211	0.163	0.168	0.176		0.784
1.199	0.19	0.19	0.172	2.316	1.203	1.283	1.321	2.289	2.313	0.199	2.33		1.250416667
1.273	2.31	0.159	0.169	1.298	0.181	0.204	2.287	1.283	0.175	2.287	2.321		1.16225
0.199	0.193	1.168	0.187	0.17	1.284	1.269	1.177	2.223	1.201	0.157	2.283		0.95925
0.182	0.184	0.192	0.157	0.216	1.199	1.174	0.194	1.294	1.186	0.204	1.302		0.623666667
0.207	2.295	0.194	2.3	3.315	0.174	1.203	0.185	1.187	0.192	0.18	1.192		1.052
2.206	0.174	0.179	0.177	0.176	3.305	2.289	2.209	3.303	1.284	1.203	1.228		1.47775
1.289	0.184	0.174	1.199	0.18	2.283	0.191	0.198	0.209	0.203	0.178	0.204		0.541
0.167	1.305	2.302	0.187	1.273	0.197	1.179	1.271	0.194	1.214	1.186	1.28		0.979583333
3.217	1.29	2.281	1.308	1.192	0.193	0.193	1.298	1.315	1.269	3.311	1.174		1.503416667
2.294	0.173	0.171	0.186	0.199	1.312	2.279	0.185	2.302	4.293	3.298	0.201		1.40775
0.174	3.178	0.195	0.185	0.191	0.199	0.186	2.205	1.189	0.192	2.209	0.182		0.857083333
1.197	0.184	1.315	0.175	0.202	0.174	1.268	0.191	0.185	1.282	0.168	2.299		0.72
0.173	0.282	0.186	1.209	0.271	0.206	1.201	4.309	3.304	0.208	2.305	0.183		1.153083333
0.219	2.207	3.22	0.182	0.188	0.187	0.193	0.2	0.195	0.182	1.289	0.183		0.70375
0.18	0.216	1.196	2.279	2.212	0.189	2.298	2.292	0.192	0.185	2.224	0.17		1.136083333
0.19	1.268	0.198	1.285	1.296	2.203	3.325	0.195	1.314	1.188	1.284	1.288		1.252833333
1.201	0.179	0.193	0.208	0.176	2.195	0.206	2.209	1.185	1.204	0.207	0.185		0.779
3.295	1.192	1.326	1.21	0.198	1.286	2.31	0.184	1.319	4.325	0.183	2.213		1.58675
1.298	1.285	1.185	0.184	0.194	0.208	2.304	0.303	1.308	0.196	0.193	1.284		0.8285
0.167	0.199	1.202	3.303	2.206	0.17	2.183	0.174	0.189	0.186	0.166	1.172		0.943083333
0.192	0.202	0.201	0.192	1.185	2.32	0.197	3.241	2.29	1.293	3.203	1.194		1.309166667
0.191	1.2	3.288	1.22	1.302	2.19	0.199	0.197	1.183	0.195	0.206	0.185		0.963
0.19	0.191	1.288	0.19	0.179	0.188	1.173	0.211	3.299	1.205	1.3	1.289		0.891916667
1.205	1.216	0.185	1.303	0.208	0.195	0.188	0.193	0.187	2.283	0.19	0.212		0.630416667
0.171	3.302	0.215	1.199	0.182	1.272	1.272	3.297	0.197	2.309	0.194	1.165		1.23125
1.308	0.203	1.189	0.196	1.203	1.198	2.296	1.269	1.177	0.193	0.183	0.188		0.883583333
0.181	2.334	1.287	2.299	3.302	0.203	0.179	0.194	0.18	0.217	1.219	2.265		1.155
0.183	0.183	0.169	0.196	0.201	1.229	0.181	1.286	0.188	0.202	1.271	0.2		0.457416667
3.23	1.285	2.203	0.176	0.195	0.197	4.312	1.203	1.151	0.179	3.268	0.196		1.46625
1.188	1.191	1.298	0.192	2.314	0.169	0.178	0.188	0.197	0.18	2.283	0.173		0.795916667
0.187	0.185	0.153	2.309	1.196	1.239	2.206	1.315	2.305	2.286	0.192	0.211		1.148666667
0.182	0.186	0.173	2.214	0.189	0.186	1.274	0.187	1.194	3.298	1.192	1.299		0.9645
1.296	0.175	0.174	1.309	0.197	2.293	0.211	0.172	0.209	1.198	0.165	1.298		0.72475
0.201	1.313	1.209	0.182	1.283	2.29	2.219	1.211	0.174	2.277	2.303	0.178		1.236666667
0.173	0.169	1.277	0.189	2.219	0.197	0.183	0.169	0.183	0.201	4.328	1.188		0.873
1.183	1.197	0.173	1.173	3.294	0.195	4.337	0.213	1.298	1.199	0.172	0.159		1.216083333
0.148	1.199	2.284	2.28	0.199	0.173	0.212	0.169	0.202	2.29	0.153	0.179		0.790666667
0.16	0.158	0.183	2.317	2.3	0.205	0.187	1.184	3.203	1.288	0.184	0.193		0.9635
0.199	0.179	1.313	1.309	0.19	0.19	1.29	1.186	0.181	1.192	2.282	0.189		0.808333333
0.182	1.21	0.191	0.178	0.182	0.175	3.297	0.175	0.277	1.21	1.298	0.181		0.713
2.309	1.284	0.196	1.202	0.216	3.285	3.307	0.183	0.181	2.279	1.2	1.277		1.409916667
0.172	2.208	3.316	0.219	0.195	0.31	0.175	1.292	2.227	1.278	1.202	1.206		1.15
0.292	0.184	0.211	1.178	1.294	0.17	1.294	0.208	1.285	1.217	1.173	0.185		0.72425
0.196	1.293	0.206	0.197	1.207	1.209	2.196	1.195	0.186	1.194	3.292	0.201		1.047666667
2.182	2.192	0.166	0.146	2.332	0.166	1.297	1.321	0.172	0.178	0.179	1.3		0.96925
0.169	0.192	2.303	0.194	0.171	2.195	0.193	1.302	0.177	0.188	2.271	0.209		0.797
0.17	1.293	0.171	0.179	0.172	0.196	0.2	2.316	0.176	0.173	0.183	2.214		0.62025
0.181	2.213	0.209	0.284	2.311	2.275	0.182	0.191	1.269	0.169	1.294	1.225		0.983583333
0.18	0.187	2.303	0.196	0.19	1.297	1.208	2.285	1.205	0.179	2.3	0.187		0.976416667
1.286	0.268	0.202	1.178	2.207	1.183	3.308	0.162	0.196	0.207	1.289	0.179		0.972083333
2.185	1.21	1.304	0.167	0.207	2.269	1.291	2.274	1.277	1.262	2.263	1.263		1.414333333
2.292	0.183	0.205	0.21	2.295	0.302	0.19	0.181	0.162	0.171	1.303	1.204		0.724833333
1.278	1.186	2.2	3.211	1.227	0.166	1.197	0.187	0.19	1.191	1.294	2.273		1.3
0.174	0.177	1.317	2.293	1.167	0.193	2.325	1.185	1.213	1.273	1.18	2.3		1.233083333
1.282	1.193	1.207	0.188	2.294	1.193	0.162	0.19	0.169	0.177	1.202	1.299		0.879666667
0.199	1.29	0.181	0.216	3.311	0.19	1.205	0.179	0.199	0.204	1.309	1.184		0.805583333
2.262	2.305	1.289	0.174	0.197	0.187	1.306	1.294	0.179	0.196	0.208	0.196		0.816083333
1.292	0.202	0.181	2.277	0.174	0.169	0.195	0.185	1.186	2.183	1.198	2.31		0.962666667
0.177	1.195	1.203	2.308	1.284	2.206	1.204	0.187	0.294	1.296	0.179	1.279		1.067666667
2.31	2.308	0.196	0.206	0.181	0.179	1.275	2.188	0.214	1.217	0.185	0.181		0.886666667
0.192	0.185	1.184	1.171	1.187	1.281	3.187	1.183	0.201	2.275	1.285	1.284		1.217916667
2.202	1.259	3.311	0.181	1.185	0.172	0.223	0.181	3.304	1.307	2.302	0.223		1.320833333
3.283	0.175	4.198	0.165	1.275	1.317	1.285	1.301	0.184	2.209	1.203	0.202		1.39975
0.19	0.194	0.275	0.186	0.202	0.196	0.202	2.215	0.19	0.17	2.287	3.199		0.792166667
0.181	0.18	3.215	0.199	0.168	3.288	1.282	1.203	0.203	1.302	2.28	3.302		1.40025
0.188	0.196	0.218	1.195	1.201	0.19	3.197	4.284	1.267	2.291	1.205	0.202		1.302833333
3.201	0.177	0.184	1.309	2.186	2.277	1.294	3.324	1.192	0.185	1.297	1.317		1.49525
0.215	0.182	0.169	0.191	0.204	0.169	0.197	0.165	0.211	0.203	0.183	0.189		0.189833333
0.188	1.18	0.189	1.278	0.202	0.2	1.187	2.31	0.182	0.194	0.213	0.171		0.6245
1.281	0.159	1.269	0.195	0.209	1.308	1.181	0.17	1.179	0.166	1.222	0.192		0.710916667
1.301	0.184	3.209	0.195	0.174	1.21	0.203	0.177	0.278	1.204	1.314	3.294		1.061916667
0.183	0.18	0.196	1.183	2.294	0.177	3.309	0.182	2.173	0.194	0.195	1.291		0.963083333
1.197	0.172	2.181	0.178	2.277	0.19	1.298	0.182	1.299	0.215	0.192	3.226		1.050583333
1.181	1.295	0.281	0.281	0.184	0.191	0.211	0.17	0.171	2.279	0.196	0.181		0.55175
0.19	1.284	2.206	0.172	1.185	1.31	0.157	0.174	2.226	0.194	0.18	0.178		0.788
1.287	2.208	1.305	1.2	0.184	1.195	1.203	1.189	0.191	0.28	0.181	0.216		0.886583333
0.189	0.176	0.21	1.173	1.314	1.17	1.299	0.156	0.184	0.191	2.195	1.308		0.797083333
0.195	1.173	0.217	0.179	0.19	0.178	1.207	2.295	1.196	3.222	0.302	2.276		1.0525
0.194	0.196	1.184	0.192	1.221	1.305	1.185	0.188	1.168	0.206	0.189	1.193		0.70175
0.201	1.291	0.184	2.286	0.185	0.176	0.166	0.184	0.171	2.319	3.185	1.211		0.96325
0.212	2.209	0.18	1.311	0.165	1.205	1.285	2.296	1.307	1.317	0.174	0.183		0.987
2.313	1.3	0.179	1.221	0.19	1.178	0.198	1.296	0.186	1.292	1.29	0.175		0.9015
0.191	2.309	0.173	1.268	3.301	0.202	0.191	0.236	2.179	1.196	0.167	1.311		1.060333333
1.195	1.291	3.289	1.195	0.186	0.185	0.173	1.174	1.193	1.193	0.205	1.17		1.037416667
0.187	0.192	3.303	0.165	2.285	0.204	0.199	0.191	2.281	0.195	0.192	0.2		0.7995
0.156	0.182	1.178	1.288	1.298	4.307	0.219	1.296	2.211	4.316	2.214	2.294		1.746583333
3.301	2.308	0.298	1.277	1.154	2.287	2.184	0.201	2.321	1.312	1.18	0.174		1.49975
1.287	0.201	1.21	0.17	0.172	1.288	0.183	0.188	0.161	1.182	0.169	0.19		0.533416667
1.203	0.196	1.236	0.191	2.274	1.188	0.286	1.199	0.187	0.174	0.207	1.181		0.7935
1.19	3.304	1.227	1.192	0.238	1.279	0.205	0.19	0.172	2.273	1.292	1.286		1.154
1.197	1.276	0.198	1.274	1.281	0.164	0.191	1.275	2.287	2.29	0.198	2.204		1.152916667
0.309	1.313	0.213	2.306	0.192	1.187	0.194	1.185	1.316	1.299	2.295	0.193		1.000166667
1.19	0.188	0.154	2.159	0.187	0.184	0.169	1.285	0.206	1.285	1.199	2.286		0.874333333
0.193	3.328	0.229	3.29	0.187	2.311	0.184	1.193	1.199	1.173	0.184	0.212		1.14025
0.216	1.291	2.307	0.169	0.169	2.285	0.177	1.291	0.187	0.195	0.176	1.284		0.81225
0.193	0.176	3.294	0.206	0.202	3.313	4.197	1.263	2.292	0.189	0.207	0.2		1.311
0.217	0.212	1.278	0.169	0.172	2.283	2.306	1.196	3.281	0.202	0.183	0.195		0.9745
1.297	0.195	1.19	0.216	2.215	1.178	1.283	0.187	1.307	0.183	0.187	1.183		0.885083333
0.204	0.189	0.201	0.202	0.178	0.196	1.19	0.179	0.201	1.279	1.19	0.184		0.449416667
0.196	0.192	0.19	2.286	0.197	1.164	2.295	1.194	0.2	4.304	1.296	1.204		1.2265
1.182	2.282	3.272	1.198	0.177	1.293	0.206	0.174	0.177	1.272	0.189	0.184		0.967166667
1.283	0.186	1.295	1.291	1.315	0.171	1.209	0.188	0.169	2.284	0.198	1.278		0.905583333
2.309	3.313	0.169	1.203	2.179	0.202	3.316	0.181	2.193	2.29	1.2	0.189		1.562
2.285	1.314	1.199	0.195	0.184	0.196	1.293	1.184	3.331	1.286	0.166	1.175		1.150666667
2.204	2.233	2.312	1.269	0.19	0.174	4.318	0.197	0.198	1.183	1.193	1.287		1.3965
0.204	2.302	2.192	1.2	0.2	1.198	0.19	1.262	0.192	2.284	0.178	1.182		1.048666667
1.285	0.186	1.276	2.188	2.308	0.197	3.29	0.179	1.185	2.289	0.178	0.2		1.230083333
0.183	0.179	1.18	0.192	1.272	0.196	1.288	0.196	0.205	0.172	1.162	0.177		0.5335
2.208	1.2	1.2	0.193	0.209	1.289	0.205	1.201	3.327	2.207	1.287	0.174		1.225
0.298	1.3	1.313	0.184	2.294	0.176	1.29	1.309	1.295	0.191	0.185	1.284		0.926583333
0.231	0.18	0.168	0.297	0.182	1.18	1.195	0.219	0.18	0.285	0.192	1.203		0.459333333
2.209	0.189	1.2	0.216	0.191	1.2	0.177	0.173	2.208	1.195	0.153	1.201		0.859333333
0.161	0.192	3.301	1.192	0.181	0.185	1.191	0.188	1.281	1.2	0.195	3.284		1.045916667
0.173	2.275	1.29	0.196	2.286	0.173	0.176	1.199	0.18	2.188	1.296	1.301		1.061083333
1.277	0.186	0.197	0.169	3.286	1.294	1.188	1.302	0.185	1.29	2.192	1.219		1.14875
0.189	2.212	0.197	0.2	0.193	3.18	1.295	0.184	1.181	0.197	1.273	0.182		0.873583333
0.192	0.201	0.189	2.2	1.267	0.186	0.193	0.189	1.197	1.285	0.174	1.199		0.706
3.206	1.277	0.182	0.213	0.146	3.315	1.183	1.183	4.318	0.225	0.217	0.205		1.305833333
1.286	1.169	1.201	0.167	1.176	0.209	0.181	0.196	3.269	0.208	0.167	0.188		0.78475
2.28	1.297	0.196	3.321	0.19	2.3	1.302	0.188	1.183	1.187	1.174	2.301		1.409916667
0.179	1.186	0.195	1.194	1.281	0.189	1.178	0.181	0.206	0.183	0.208	1.169		0.612416667
1.194	0.181	0.198	2.313	2.199	1.267	0.188	0.219	1.183	1.274	0.19	0.225		0.885916667
1.28	0.196	1.313	0.199	1.22	1.172	1.318	0.183	2.316	0.174	3.211	1.306		1.157333333
0.206	3.197	1.191	1.168	3.33	0.21	1.174	1.276	0.186	0.191	0.185	0.184		1.0415
0.183	1.304	1.207	0.198	0.164	0.202	2.214	1.282	0.176	2.299	0.185	0.194		0.800666667
0.185	1.188	0.184	0.191	1.303	0.165	0.181	0.199	0.213	2.3	0.176	1.282		0.630583333
0.19	1.314	0.176	0.187	0.172	0.197	1.189	0.199	1.206	2.291	4.307	2.211		1.136583333
1.174	0.197	0.187	1.276	0.166	0.191	0.197	0.188	1.288	1.185	1.297	1.2		0.712166667
0.176	0.181	0.172	0.171	0.19	2.195	1.299	1.196	0.194	0.197	1.197	0.177		0.612083333
1.279	0.159	0.226	1.172	0.19	0.152	2.21	0.194	1.212	1.3	1.183	0.172		0.787416667
0.196	1.19	1.298	0.193	0.19	1.263	2.301	0.22	2.293	1.187	1.286	0.279		0.991333333
1.181	2.28	1.224	3.287	0.19	0.184	0.185	0.201	1.265	0.18	1.293	2.217		1.140583333
0.18	1.166	0.205	2.313	1.191	2.294	1.286	1.2	1.28	0.173	0.185	0.174		0.970583333
0.202	0.196	0.205	1.298	3.285	0.198	1.175	1.185	1.172	2.308	2.204	0.194		1.135166667
2.201	0.189	2.194	0.173	1.329	1.286	1.178	0.278	0.196	1.211	1.195	0.192		0.9685
0.208	1.189	1.287	3.236	1.183	0.179	0.209	0.18	1.209	1.202	1.3	1.17		1.046
1.317	2.308	0.187	0.182	1.3	2.278	2.316	3.223	1.2	0.19	1.204	0.196		1.325083333
0.192	2.285	1.189	0.186	1.191	0.209	0.175	1.181	0.18	2.338	0.185	0.178		0.79075
0.186	2.192	1.266	2.315	0.191	1.285	1.216	0.172	0.186	2.319	2.198	0.167		1.141083333
0.206	0.212	0.181	1.293	0.16	0.164	0.182	0.189	0.178	0.205	0.212	1.3		0.3735
0.191	0.188	0.187	1.197	1.212	0.175	0.194	0.175	0.173	0.202	2.286	0.189		0.53075
0.197	0.193	0.193	1.167	1.185	1.198	0.169	0.179	1.296	0.201	1.208	0.206		0.616
1.285	0.192	2.271	2.298	1.315	2.287	0.167	0.184	1.208	0.17	2.305	2.32		1.3335
0.194	0.173	2.293	0.192	0.21	1.312	0.181	0.183	1.292	0.168	0.184	0.182		0.547
0.184	2.327	0.191	0.201	0.202	0.218	3.296	1.305	1.172	3.323	0.178	1.206		1.15025
1.198	2.286	1.29	0.194	2.297	0.175	3.287	2.195	0.187	0.189	1.203	0.184		1.22375
0.156	1.218	0.181	0.178	0.175	1.188	2.29	3.3	1.173	0.178	0.173	2.301		1.042583333
2.198	0.2	3.327	0.185	1.205	0.199	1.209	1.177	2.31	1.202	0.208	1.299		1.226583333
1.271	0.175	0.172	1.289	0.281	0.189	2.306	0.188	1.212	0.204	1.312	1.188		0.815583333
2.285	0.17	0.187	0.191	1.181	1.203	1.301	1.301	0.205	3.313	0.17	2.298		1.150416667
2.335	2.305	3.317	0.171	1.289	2.306	0.171	2.284	1.314	1.301	2.197	0.183		1.59775
0.189	0.194	0.276	2.288	1.187	1.185	1.297	0.21	0.169	1.155	0.172	2.291		0.884416667
0.194	0.177	1.223	0.163	0.165	3.305	1.187	0.186	1.184	0.213	1.184	2.286		0.955583333
1.211	0.171	1.184	3.302	1.182	3.31	2.172	0.168	0.174	2.3	1.297	1.298		1.48075
0.181	1.183	0.182	1.292	1.182	1.295	2.288	3.303	0.172	0.179	2.186	0.19		1.136083333
0.199	2.287	0.163	0.19	0.18	1.303	1.296	0.19	3.295	0.203	0.195	1.295		0.899666667
1.18	3.319	1.209	0.197	2.288	1.171	2.194	3.322	2.2	0.172	1.273	1.171		1.641333333
1.312	2.181	0.197	1.193	2.302	0.204	2.202	0.187	0.289	1.196	0.194	1.308		1.06375
1.186	4.292	0.166	0.19	1.313	1.315	0.29	1.301	0.186	0.164	2.293	2.193		1.24075
0.198	1.287	0.194	1.314	1.202	0.169	0.201	0.182	0.197	2.303	1.275	0.185		0.725583333
2.271	1.177	1.289	1.209	0.173	0.204	2.207	1.271	1.195	0.186	2.167	1.166		1.209583333
3.3	2.299	0.182	1.193	0.217	1.293	2.279	0.194	0.178	1.287	1.205	2.312		1.32825
0.189	0.204	0.182	0.196	0.191	0.19	1.284	1.174	0.159	3.199	1.268	0.177		0.701083333
2.292	0.218	1.265	4.318	2.289	0.22	2.206	0.201	1.203	0.18	0.235	1.281		1.325666667
2.194	0.194	1.2	2.301	1.279	0.177	1.195	3.286	1.185	2.304	0.217	1.177		1.392416667
2.314	3.34	0.212	1.238	0.199	1.202	2.313	1.208	3.295	2.292	1.193	0.202		1.584
1.192	0.208	0.165	0.173	0.173	0.201	2.297	3.308	1.177	3.298	0.184	1.296		1.139333333
0.168	1.273	0.167	2.304	0.184	1.206	0.179	1.305	0.182	0.188	4.294	1.289		1.061583333
0.166	1.193	0.182	0.171	0.174	2.284	0.195	0.197	0.191	1.281	1.291	0.197		0.626833333
1.293	0.178	1.297	0.193	0.217	0.189	1.174	0.176	0.186	2.202	0.175	0.182		0.621833333
0.162	1.293	1.191	0.198	0.212	0.205	1.313	2.204	1.287	1.29	0.176	0.179		0.809166667
1.206	0.191	1.29	3.304	1.178	1.291	0.172	2.308	1.28	1.205	0.207	0.199		1.152583333
1.196	1.186	0.18	0.203	1.305	2.197	2.197	0.27	1.201	1.307	1.183	0.19		1.05125
2.302	2.195	0.187	1.286	0.186	2.3	0.206	2.216	1.309	2.217	0.196	1.296		1.324666667
0.202	3.303	1.173	0.214	0.211	2.293	2.3	3.295	0.189	0.273	1.274	2.186		1.409416667
0.193	1.299	0.176	0.187	0.206	1.196	1.186	2.31	1.286	1.223	1.164	1.295		0.97675
0.174	0.215	2.28	1.186	0.158	1.194	0.186	1.299	1.188	3.318	0.294	2.185		1.13975
1.295	0.176	1.276	1.279	2.205	2.307	2.294	0.164	0.192	1.193	0.197	1.293		1.155916667
0.174	1.198	1.181	1.192	0.185	1.299	0.185	2.317	1.306	0.192	1.194	0.211		0.886166667
1.207	1.275	0.172	2.326	1.191	2.202	0.217	1.166	0.186	2.282	2.211	0.16		1.21625
1.195	1.186	0.164	2.291	1.3	0.203	0.199	1.267	3.297	0.169	1.292	1.189		1.146
0.315	1.192	2.319	0.169	1.287	0.316	0.187	0.183	3.268	1.185	2.295	2.279		1.249583333
0.186	1.296	0.17	0.2	1.221	0.199	0.165	0.202	0.206	1.265	1.192	0.18		0.540166667
2.186	1.179	2.318	0.194	1.185	0.175	0.176	1.286	1.295	2.192	1.188	1.186		1.213333333
2.285	2.317	3.27	0.194	0.183	0.177	0.195	0.176	1.288	2.313	0.197	0.177		1.064333333
1.294	1.267	1.181	1.18	0.298	1.201	0.192	2.176	1.198	1.288	4.329	1.203		1.400583333
0.204	0.186	2.304	1.274	2.209	0.198	1.287	2.319	0.18	2.203	1.305	0.177		1.153833333
0.18	1.21	1.206	0.17	0.195	2.21	1.194	1.295	0.182	0.209	1.198	2.28		0.96075
2.185	0.191	0.169	2.303	0.181	0.186	0.202	0.197	2.321	1.3	2.297	0.205		0.978083333
0.194	3.325	3.331	0.174	2.21	1.181	0.179	2.282	0.21	3.2	1.289	0.181		1.479666667
0.173	1.316	0.19	0.182	0.18	0.189	0.189	2.213	0.185	1.306	0.202	0.172		0.541416667
2.256	2.305	1.175	0.196	0.188	0.17	1.186	1.292	0.185	0.222	0.183	0.17		0.794
2.185	0.178	0.183	1.28	0.184	0.185	0.281	1.279	0.183	1.21	2.305	2.182		0.969583333
1.273	2.233	1.288	0.175	2.284	3.318	0.176	0.189	2.197	3.285	0.205	0.185		1.400666667
1.191	1.318	1.176	1.216	0.184	0.171	1.193	1.198	0.168	0.175	0.189	4.328		1.04225
2.211	0.199	1.291	1.303	0.203	0.171	0.168	3.31	0.2	0.292	1.168	1.289		0.98375
1.307	2.208	0.219	2.198	0.2	0.203	0.179	0.192	2.288	0.201	1.255	1.204		0.971166667
1.197	2.284	0.163	0.212	1.202	0.193	0.182	0.2	2.31	1.189	2.311	0.184		0.968916667
0.188	0.177	1.199	1.201	3.299	1.295	4.321	0.198	0.194	1.287	2.291	0.201		1.320916667
1.292	0.192	2.307	1.213	0.186	2.3	0.179	0.18	0.179	0.202	0.173	2.195		0.883166667
1.185	1.293	0.171	0.199	0.188	0.197	1.265	1.298	0.18	1.179	1.208	0.211		0.7145
1.279	2.254	3.224	1.271	0.159	0.174	2.211	1.2	0.184	1.284	0.214	0.195		1.137416667
2.223	1.286	0.207	1.192	1.19	1.203	0.172	0.184	1.28	2.221	2.308	0.18		1.137166667
0.157	0.186	0.162	1.214	4.322	4.28	3.305	0.171	1.165	2.326	2.224	1.275		1.73225
0.194	0.177	1.27	1.283	2.274	1.279	0.155	0.198	1.183	0.165	2.298	1.185		0.97175
0.198	1.197	1.279	2.288	0.281	0.178	2.305	1.302	0.208	1.175	0.15	1.295		0.988
1.29	0.18	1.276	1.28	1.207	0.212	1.186	0.173	2.23	0.212	2.282	3.213		1.228416667
0.19	1.295	0.208	0.206	0.211	0.176	0.207	2.204	3.328	0.189	0.193	0.217		0.718666667
0.17	2.198	1.194	0.179	2.318	0.185	2.2	1.277	0.176	0.182	2.315	0.161		1.04625
0.193	2.308	0.186	2.197	0.179	0.212	3.295	0.184	1.276	1.216	1.199	2.314		1.229916667
0.189	1.187	1.192	1.189	1.268	1.273	0.172	0.183	0.203	0.171	1.295	0.18		0.7085
3.315	1.305	1.299	2.289	1.206	2.199	2.259	0.189	0.195	0.189	1.168	0.212		1.31875
1.205	0.194	3.206	3.309	1.221	0.183	3.285	0.189	2.226	0.188	0.158	0.204		1.297333333
3.32	1.182	1.191	3.314	0.196	1.194	0.183	0.205	0.211	0.177	4.307	2.214		1.4745
2.319	1.315	0.146	1.179	0.2	1.291	1.277	1.208	0.188	2.316	2.302	1.31		1.25425
1.197	2.3	1.313	0.192	0.189	0.189	0.186	1.299	0.197	0.179	1.151	2.28		0.889333333
0.165	1.178	2.286	2.269	0.19	2.205	0.192	3.2	0.175	0.153	0.175	2.3		1.207333333
2.208	1.287	0.19	1.313	0.164	0.186	2.186	0.202	1.279	1.288	0.276	0.213		0.899333333
0.303	0.184	0.181	2.287	1.314	0.184	1.294	0.196	0.196	0.187	0.163	0.19		0.556583333
0.197	0.157	1.192	0.198	2.234	1.188	0.153	0.165	0.197	1.206	1.193	0.19		0.689166667
0.184	2.198	1.194	0.192	1.27	1.305	2.292	3.295	0.18	0.172	3.304	1.297		1.406916667
0.179	0.152	0.218	1.262	0.201	0.188	1.209	0.156	2.3	0.198	4.283	0.193		0.87825
1.206	0.178	0.212	1.182	0.196	1.189	1.184	1.296	3.336	0.217	1.273	0.201		0.9725
2.179	0.188	0.161	0.169	2.299	3.209	0.198	0.206	0.183	0.208	0.202	1.202		0.867
0.18	1.306	3.306	1.321	1.203	0.196	1.295	1.197	1.196	0.197	2.308	0.197		1.1585
1.289	1.222	0.176	0.213	3.306	2.304	0.168	0.203	0.172	0.189	0.163	0.183		0.799
1.187	1.214	0.183	0.191	1.287	0.191	4.192	1.189	0.198	0.188	0.213	0.205		0.869833333
0.183	1.282	2.296	0.195	1.184	0.18	1.275	1.264	0.201	2.284	2.214	1.184		1.145166667
0.205	1.182	0.297	0.178	1.271	0.214	0.197	0.192	1.262	0.216	0.209	1.306		0.56075
0.173	1.281	1.184	0.19	2.297	1.189	2.184	0.194	1.305	2.312	0.18	0.198		1.05725
2.249	0.175	0.191	2.301	0.186	0.178	1.312	0.194	2.205	0.192	0.18	1.181		0.878666667
1.295	0.168	1.187	0.183	1.31	1.27	0.203	0.205	1.301	2.194	0.28	0.183		0.814916667
1.175	2.189	0.201	1.293	0.198	1.204	2.191	0.164	0.197	2.277	0.185	1.189		1.038583333
1.256	3.308	1.19	3.198	1.207	0.16	0.201	1.291	1.178	2.303	2.186	0.218		1.474666667
0.182	1.302	1.293	0.202	1.189	5.328	1.315	0.19	0.19	1.282	1.227	3.289		1.41575
4.194	0.173	1.185	0.2	0.186	0.173	2.185	0.145	1.205	0.169	1.218	2.281		1.1095
0.195	0.187	0.183	0.171	0.179	1.199	1.313	0.185	3.287	0.182	1.305	0.157		0.711916667
1.293	2.205	2.197	0.195	0.207	1.29	2.199	1.186	0.191	0.165	0.202	0.18		0.959166667
1.183	0.193	3.314	0.19	1.279	0.2	0.276	2.282	0.283	2.291	3.3	2.3		1.42425
0.174	2.283	0.173	0.201	0.174	0.191	2.234	2.323	0.179	0.167	1.311	1.205		0.884583333
2.314	1.198	0.181	0.197	0.197	2.217	0.199	0.207	1.167	1.222	0.192	3.28		1.047583333
0.182	3.287	2.286	1.267	1.192	0.201	0.185	1.163	1.199	0.198	1.216	2.308		1.223666667
0.19	1.331	0.299	0.185	0.19	0.191	0.184	1.303	2.298	2.315	0.175	0.189		0.7375
0.214	2.228	0.206	0.219	0.193	2.299	2.303	0.172	1.31	1.273	1.274	1.303		1.082833333
1.212	2.302	3.203	0.182	0.191	3.303	1.188	0.185	0.182	1.198	0.188	0.182		1.126333333
1.276	0.176	0.174	0.165	2.29	1.308	0.197	1.178	0.195	0.19	2.3	1.21		0.88825
1.187	0.212	1.289	2.315	2.302	1.172	3.309	1.294	1.18	0.18	0.184	1.192		1.318
0.178	0.19	0.196	0.227	1.18	2.306	0.18	0.19	0.219	0.179	0.201	0.171		0.451416667
0.208	1.279	0.189	2.206	1.293	2.317	0.196	0.197	2.308	0.197	0.191	1.272		0.98775
1.2	0.2	1.265	2.284	1.178	2.302	1.299	2.19	0.178	2.32	1.209	0.177		1.316833333
2.281	2.219	1.22	0.194	0.16	1.283	0.209	0.299	0.183	2.307	0.189	0.186		0.894166667
0.19	4.306	1.212	0.189	1.283	0.206	2.266	0.193	2.264	0.167	1.208	0.196		1.14
1.287	0.214	0.183	0.183	0.188	1.201	1.289	0.181	1.257	1.278	2.197	1.195		0.88775
1.289	1.21	0.196	0.185	0.197	1.289	1.286	1.199	1.205	0.16	1.299	1.289		0.900333333
0.189	2.299	0.186	1.293	1.209	1.189	4.31	0.177	0.182	1.193	0.191	2.181		1.216583333
0.182	0.193	1.279	1.167	0.177	2.289	0.188	0.157	1.296	1.282	0.17	0.185		0.71375
0.181	1.269	0.176	2.18	0.182	1.293	1.28	0.204	0.176	1.205	1.212	0.292		0.804166667
2.204	2.242	0.169	1.28	1.18	0.186	0.188	0.168	0.191	0.199	0.187	5.218		1.117666667
0.178	0.227	1.304	1.269	0.165	0.204	2.306	0.169	1.301	1.214	2.2	1.278		0.984583333
0.202	0.193	3.217	0.183	1.293	1.181	1.29	0.199	1.193	1.182	0.166	0.193		0.874333333
0.163	1.297	0.176	1.207	2.28	1.304	0.167	1.201	3.312	0.175	1.284	1.195		1.14675
0.304	2.22	2.322	2.299	0.168	1.178	1.186	0.186	0.18	0.177	1.174	1.264		1.054833333
2.198	0.187	0.179	0.179	1.274	0.194	2.292	2.295	1.309	0.198	1.286	1.196		1.065583333
1.188	0.189	1.283	0.186	2.213	1.196	1.32	0.213	1.203	0.202	0.189	0.199		0.798416667
0.273	1.294	0.168	0.188	0.213	3.31	2.218	0.186	0.174	0.193	0.184	0.187		0.715666667
3.221	2.211	2.219	1.206	0.19	1.289	0.187	2.299	0.19	0.183	1.279	0.185		1.221583333
4.332	1.271	2.292	1.192	0.197	1.21	0.172	0.183	0.209	3.316	1.18	1.306		1.405
0.197	0.186	0.172	3.296	1.305	0.204	0.191	1.273	0.169	0.198	0.161	0.191		0.628583333
0.182	0.176	1.201	0.181	0.191	0.173	4.306	1.276	1.283	0.196	0.175	0.194		0.7945
2.294	0.18	2.29	0.185	0.203	0.168	3.296	2.198	1.288	1.286	0.205	1.178		1.230916667
0.202	3.225	1.304	0.274	1.276	1.175	0.166	2.284	0.199	0.186	1.307	1.202		1.066666667
2.286	1.166	0.187	0.179	1.19	3.317	1.274	1.223	1.283	0.185	0.195	2.288		1.231083333
0.182	0.187	1.297	1.185	0.192	1.306	0.215	0.174	1.302	1.199	1.281	2.309		0.902416667
1.21	0.205	0.189	4.206	1.294	1.201	1.203	1.288	1.183	1.296	0.201	3.313		1.399083333
1.291	2.287	2.304	0.268	3.208	0.194	2.31	0.17	0.197	0.216	0.197	3.28		1.326833333
2.195	1.279	0.184	1.187	1.312	1.174	0.175	0.166	0.195	0.201	1.179	0.171		0.784833333
3.309	2.263	5.326	1.292	0.205	0.171	2.27	0.19	2.3	0.204	1.314	1.28		1.677
0.191	1.194	2.291	0.2	0.175	0.274	1.214	2.19	3.289	0.222	2.191	0.212		1.136916667
1.311	2.284	1.197	0.198	0.17	0.18	0.176	2.299	3.292	0.201	0.167	0.152		0.968916667
0.171	0.189	1.193	1.222	0.188	3.196	1.262	1.287	1.298	0.194	1.302	0.194		0.974666667
0.201	0.192	0.209	0.197	0.206	1.185	1.174	3.204	1.312	2.189	1.282	2.3		1.137583333
0.21	0.186	0.162	2.205	0.179	0.186	1.274	2.332	0.205	0.18	0.165	0.193		0.623083333
1.319	0.188	0.196	0.195	1.181	1.297	0.193	1.267	2.179	1.305	0.182	2.21		0.976
1.279	0.186	0.17	1.299	2.194	0.188	0.211	0.204	1.276	1.206	1.308	1.281		0.900166667
1.187	0.198	0.182	1.278	1.29	1.207	0.17	0.183	0.206	1.216	0.215	2.224		0.796333333
0.221	0.181	2.282	0.191	1.2	2.191	0.197	0.212	0.182	0.186	1.304	0.174		0.710083333
1.189	0.175	0.174	0.172	0.202	0.176	1.201	0.175	2.19	0.212	0.158	0.187		0.517583333
1.295	0.2	1.29	0.162	1.279	2.3	1.22	1.21	0.208	2.309	2.284	0.177		1.161166667
2.222	1.191	0.212	2.179	0.167	2.198	0.178	0.183	1.274	1.284	0.189	1.158		1.03625
0.179	0.204	1.2	0.295	0.186	3.319	1.289	0.186	0.164	1.211	0.194	2.315		0.895166667
1.207	3.305	2.181	0.194	0.203	2.307	1.196	1.274	0.177	0.204	2.275	0.183		1.2255
1.316	0.187	2.311	2.201	0.191	1.284	2.306	0.191	1.187	0.192	0.171	1.19		1.060583333
0.171	3.293	0.201	1.273	0.193	0.185	2.304	2.311	0.181	1.208	0.19	1.303		1.06775
0.181	1.299	0.181	1.211	1.207	0.199	0.19	0.177	1.203	0.191	1.29	0.2		0.627416667
0.188	0.187	1.295	2.296	2.308	0.189	1.202	1.269	1.263	0.174	0.193	1.209		0.981083333
1.301	0.159	1.288	0.172	1.302	1.189	0.191	0.186	0.183	0.199	0.204	1.27		0.637
2.289	0.205	1.27	0.176	0.206	0.187	2.31	1.203	0.167	2.28	1.195	1.204		1.057666667
2.22	1.195	1.203	0.203	2.204	1.179	1.291	1.193	3.297	2.202	1.28	0.172		1.469916667
0.185	1.175	0.196	1.212	0.196	0.171	2.277	0.188	1.297	1.304	2.29	3.289		1.148333333
0.176	1.175	0.199	1.207	0.2	2.311	4.303	1.303	0.177	3.326	1.269	1.29		1.411333333
0.183	0.174	3.305	2.314	0.157	0.205	0.194	0.179	2.317	0.2	2.187	0.184		0.966583333
2.293	0.189	2.311	1.29	0.193	0.201	0.192	0.213	0.187	1.272	0.285	1.258		0.823666667
1.26	0.177	1.188	0.186	1.33	1.191	0.268	0.177	2.265	2.297	0.194	0.205		0.894833333
0.181	1.319	1.215	0.191	2.312	1.305	1.199	0.186	1.272	0.201	1.18	0.17		0.89425
0.193	1.197	1.279	2.204	2.201	1.284	0.18	2.216	1.198	2.189	0.178	1.192		1.292583333
2.197	3.304	2.211	0.18	2.289	1.215	0.172	1.298	1.175	5.299	1.29	1.179		1.817416667
2.296	2.28	0.201	0.202	0.196	1.208	1.27	1.284	0.201	1.293	1.216	0.174		0.985083333
0.283	0.187	0.191	0.195	1.212	0.183	0.19	0.182	0.195	1.186	1.195	1.29		0.54075
0.169	0.16	0.194	3.252	2.318	0.191	0.199	2.302	0.19	1.206	1.208	1.19		1.04825
0.174	1.268	0.188	0.193	0.181	1.2	0.185	0.204	0.191	1.283	1.282	1.294		0.636916667
1.221	1.213	1.289	0.19	0.19	2.302	0.207	0.204	1.301	2.205	0.184	0.201		0.89225
2.295	1.17	1.318	0.189	0.203	0.197	0.203	1.184	0.19	0.178	2.217	1.184		0.877333333
0.188	0.205	0.193	0.181	1.305	1.208	1.307	0.194	2.299	0.191	1.32	1.174		0.81375
0.203	1.193	0.172	1.291	1.188	0.192	2.205	0.283	1.183	0.174	1.209	2.276		0.964083333
2.304	1.201	1.211	0.155	1.277	0.198	1.186	2.206	0.179	1.283	0.184	2.271		1.137916667
0.183	0.198	0.197	0.157	0.204	0.16	0.166	2.292	2.314	0.194	0.196	0.196		0.538083333
2.286	3.295	0.182	0.172	1.288	0.189	1.283	2.296	0.195	0.197	2.328	2.295		1.333833333
1.193	1.212	0.18	2.304	2.217	1.293	2.216	0.187	1.21	0.181	0.186	0.195		1.047833333
2.314	0.174	1.206	0.228	2.208	0.209	0.203	3.289	0.185	1.252	3.282	1.283		1.319416667
1.277	0.204	0.177	0.223	0.257	0.188	2.218	1.266	1.185	2.188	0.179	1.183		0.87875
0.184	0.179	0.197	0.168	3.224	0.199	2.309	2.201	1.275	2.3	0.295	0.311		1.070166667
1.194	0.172	0.184	2.282	1.173	0.189	0.196	0.161	2.208	2.323	0.201	1.207		0.9575
0.18	1.169	1.265	0.195	1.289	3.343	2.299	0.167	0.275	0.199	0.199	2.292		1.072666667
2.285	0.195	1.213	1.21	1.196	2.308	0.189	3.313	1.204	0.184	2.18	0.168		1.30375
0.178	0.177	0.189	1.277	0.164	0.196	1.293	2.297	0.205	2.326	1.292	1.192		0.898833333
0.2	1.291	1.312	2.291	0.178	1.272	3.202	1.202	1.16	0.18	1.2	1.251		1.22825
1.202	0.187	0.2	2.305	0.165	1.188	0.16	3.296	1.305	1.227	2.203	2.206		1.303666667
1.314	0.191	0.189	1.177	1.291	0.152	0.18	0.169	0.177	2.301	1.302	0.185		0.719
3.297	0.184	2.193	0.169	1.194	0.179	0.184	0.188	1.202	2.31	0.198	1.296		1.0495
1.176	0.189	1.278	0.165	0.176	1.173	0.176	1.294	0.19	0.207	0.184	2.275		0.706916667
0.206	0.206	2.213	0.196	0.208	0.194	1.276	1.32	0.198	0.187	0.194	2.305		0.72525
2.195	1.265	0.171	1.294	1.275	0.188	1.203	0.179	1.181	0.204	0.178	0.21		0.79525
1.292	0.184	1.306	0.203	2.188	0.165	3.292	0.194	1.283	0.185	0.198	0.181		0.88925
1.296	0.192	1.192	0.198	2.308	2.301	0.183	1.271	2.206	0.189	1.297	0.183		1.068
1.191	0.189	1.325	1.188	2.298	0.197	1.289	1.201	0.176	1.282	0.184	0.181		0.89175
0.203	1.192	0.18	1.185	3.309	1.292	1.173	0.183	1.184	2.207	0.185	2.292		1.215416667
0.165	1.189	0.167	0.209	0.166	2.286	1.21	1.207	0.187	0.197	1.247	0.188		0.7015
1.292	0.196	0.179	0.195	0.195	1.216	1.292	0.177	1.301	2.288	0.142	1.204		0.806416667
1.204	1.275	1.197	1.297	4.32	2.279	0.171	0.173	0.211	0.208	1.184	1.302		1.235083333
1.304	0.183	0.19	2.22	0.176	0.171	1.173	1.304	0.187	1.312	0.213	1.284		0.80975
3.291	0.17	0.174	1.169	0.185	0.202	0.186	0.185	1.191	0.19	1.296	0.196		0.702916667
0.199	0.18	1.268	1.292	0.192	1.212	1.282	2.213	2.289	0.191	0.208	0.202		0.894
0.191	1.31	0.149	0.183	1.187	0.182	1.281	0.202	1.284	2.294	0.2	1.159		0.801833333
0.18	1.189	0.214	0.181	0.184	3.315	2.224	0.175	2.216	1.291	1.226	0.183		1.048166667
5.325	1.296	0.207	0.218	2.308	1.283	1.284	0.168	0.199	0.19	0.162	0.302		1.0785
1.277	2.294	5.312	1.214	0.18	0.169	0.188	1.294	3.294	0.198	2.266	1.224		1.575833333
0.179	1.29	0.198	0.167	2.274	0.181	1.194	1.168	0.18	0.175	3.311	0.198		0.87625
1.187	1.192	0.178	0.178	0.194	1.205	0.197	1.205	0.176	0.2	1.263	0.198		0.614416667
1.191	0.194	0.171	0.202	2.275	2.28	0.196	1.288	3.283	2.214	0.173	1.196		1.221916667
1.278	0.177	0.303	1.29	0.195	2.194	0.198	1.216	2.291	1.29	0.193	0.193		0.9015
1.175	4.296	2.2	2.182	1.284	1.209	1.291	0.175	0.19	1.196	0.179	0.186		1.296916667
2.322	2.304	3.316	1.286	1.175	0.194	1.294	0.206	0.172	2.287	0.2	0.178		1.2445
1.297	0.176	0.195	0.185	1.147	0.199	0.19	1.298	0.173	2.216	0.209	1.272		0.713083333
1.161	0.202	0.194	0.198	0.178	4.289	0.178	1.198	1.277	1.289	0.208	1.293		0.972083333
0.18	1.292	1.287	1.197	0.16	0.181	0.207	0.188	0.189	1.272	2.195	0.186		0.711166667
2.267	1.202	1.197	1.184	1.257	0.201	2.207	1.309	1.187	0.204	1.266	2.183		1.305333333
2.291	0.177	1.323	1.19	0.187	0.192	0.178	1.21	1.168	1.215	0.178	0.188		0.791416667
0.193	1.266	3.223	1.29	1.212	1.31	3.299	1.286	2.303	1.278	2.276	1.204		1.678333333
1.313	1.218	0.186	1.189	2.294	3.204	2.311	0.201	1.191	0.214	2.207	1.317		1.40375
0.182	1.288	0.182	1.194	1.278	0.279	0.163	2.186	0.167	0.201	1.293	1.188		0.800083333
0.321	0.186	0.188	1.297	1.193	0.166	0.172	1.201	0.175	0.184	2.289	0.197		0.63075
0.18	1.188	0.206	1.19	1.279	1.178	1.176	0.185	1.277	2.213	1.28	0.189		0.96175
0.177	0.186	0.185	1.279	1.289	1.205	1.173	2.299	0.174	1.279	0.177	0.208		0.802583333
2.217	1.292	0.195	1.188	1.21	3.309	2.306	3.292	1.195	0.205	1.224	0.198		1.485916667
0.186	0.172	0.197	0.186	3.307	2.214	2.28	1.302	1.181	1.19	1.293	1.304		1.234333333
1.29	0.19	1.273	0.29	0.218	0.284	0.204	1.228	1.205	1.219	0.165	1.288		0.737833333
0.193	0.174	0.2	0.183	4.315	0.18	0.188	1.217	0.172	0.199	0.183	0.187		0.615916667
0.203	0.183	0.18	0.204	4.292	1.214	2.289	1.275	0.167	0.182	1.212	1.194		1.049583333
0.19	2.217	0.188	2.209	0.209	0.138	1.197	1.194	0.175	0.195	0.19	1.206		0.775666667
0.209	0.178	0.157	1.295	0.197	0.182	1.317	0.179	3.328	0.199	0.177	1.283		0.725083333
2.184	2.278	1.165	0.187	0.296	0.195	1.283	1.171	0.185	0.173	0.211	1.227		0.879583333
1.2	0.184	0.166	0.175	1.196	1.207	1.191	2.295	1.169	2.272	1.31	1.296		1.138416667
1.218	0.17	2.211	1.297	0.202	1.295	0.178	0.181	0.197	0.211	0.182	0.168		0.625833333
3.296	2.299	1.305	1.212	0.203	0.179	2.301	0.186	0.18	2.212	0.193	0.173		1.144916667
1.19	0.205	2.314	1.303	1.173	2.199	0.18	0.174	0.186	0.176	3.205	1.188		1.124416667
0.198	1.299	0.204	1.202	0.19	1.291	1.169	0.2	0.184	0.183	1.294	0.166		0.631666667
2.299	1.222	1.187	0.192	2.191	0.163	1.281	0.202	3.302	0.288	0.225	1.195		1.145583333
1.294	0.199	0.201	0.185	1.21	1.212	0.166	2.3	2.293	1.193	0.168	3.284		1.142083333
2.213	1.197	1.275	2.324	1.298	1.199	1.284	2.263	0.203	0.177	0.183	0.17		1.148833333
1.163	0.199	2.198	1.199	0.188	3.298	0.187	1.307	0.173	2.317	1.204	0.168		1.133416667
0.206	0.292	0.316	1.231	0.193	1.28	0.198	0.154	1.179	0.193	0.174	2.285		0.64175
1.274	0.191	1.175	1.289	1.183	0.202	1.193	0.219	1.26	2.22	1.285	2.293		1.148666667
1.185	0.202	1.192	0.148	0.18	0.204	0.184	0.188	0.205	1.292	3.206	2.217		0.866916667
0.194	0.176	1.293	2.31	1.261	0.216	1.182	0.213	1.207	1.202	2.278	0.188		0.976666667
0.204	0.185	0.175	2.302	1.294	1.197	1.251	1.189	0.178	0.172	1.288	3.292		1.060583333
1.283	0.192	1.208	1.302	1.162	2.198	2.19	0.192	0.189	0.209	1.306	0.196		0.968916667
0.179	1.165	0.197	0.158	2.299	0.284	3.317	1.196	0.187	2.309	1.195	1.266		1.146
0.194	2.206	3.309	0.179	1.269	0.174	4.315	2.32	1.176	1.265	0.199	1.188		1.482833333
2.28	1.313	1.181	0.188	1.186	0.206	0.187	1.175	1.197	0.189	0.18	0.178		0.788333333
1.198	0.209	3.301	0.183	2.184	2.196	0.194	1.18	0.191	2.19	0.19	1.208		1.202
0.192	0.19	1.27	1.315	0.189	2.279	1.27	0.205	0.172	0.181	1.271	3.315		0.987416667
0.166	1.199	1.202	1.179	0.189	0.209	1.187	0.156	0.195	0.176	1.191	1.269		0.693166667
0.196	1.196	0.2	1.184	2.306	0.177	0.183	1.305	0.189	0.207	0.188	2.181		0.792666667
0.206	0.197	4.305	4.325	1.192	1.194	1.196	0.189	1.261	1.207	0.179	0.183		1.302833333
3.295	0.181	1.281	0.184	1.322	0.186	1.196	0.174	2.22	0.2	0.187	0.211		0.886416667
0.191	1.308	3.298	0.181	1.228	0.185	1.281	4.306	0.189	1.28	2.291	2.319		1.50475
3.307	3.303	0.188	0.303	1.178	2.301	1.176	0.17	1.278	1.189	1.295	0.198		1.323833333
0.191	0.164	1.275	0.182	0.201	1.289	1.229	0.252	0.176	0.181	2.216	1.195		0.712583333
3.304	0.185	1.182	0.21	1.307	2.21	0.188	1.216	0.193	0.202	0.197	0.201		0.882916667
0.166	2.318	0.177	2.209	1.292	1.277	0.19	0.195	1.217	3.3	0.188	0.203		1.061
0.175	3.294	0.195	1.192	0.21	0.209	0.186	1.195	1.204	0.197	1.292	1.283		0.886
1.285	0.197	3.31	2.303	0.177	0.176	0.185	1.297	1.184	3.299	1.191	0.184		1.232333333
0.169	1.206	1.25	0.195	0.169	1.283	1.202	0.188	0.164	2.301	0.205	0.186		0.709833333
0.19	1.276	0.206	0.172	2.31	1.286	1.3	2.21	2.283	0.194	3.313	0.208		1.245666667
0.176	0.198	0.171	0.181	1.261	1.205	1.215	0.193	2.292	2.268	1.204	0.209		0.881083333
0.214	2.242	1.208	1.274	0.189	0.198	1.204	0.178	1.278	0.194	1.284	2.313		0.981333333
0.19	0.208	4.308	2.19	1.199	0.201	0.185	1.268	1.191	1.195	0.201	2.196		1.211
0.194	0.231	4.315	0.192	1.287	0.199	1.288	1.199	0.193	0.17	4.235	1.195		1.224833333
2.287	1.205	0.176	3.298	0.177	0.199	3.199	1.209	1.19	1.284	0.187	0.175		1.2155
0.193	1.294	3.304	0.288	0.178	0.199	4.308	0.192	1.29	0.193	2.291	3.341		1.422583333
5.301	1.188	1.282	1.193	0.194	0.173	3.296	1.27	1.284	2.21	0.176	0.186		1.479416667
0.189	0.188	1.219	1.211	0.214	1.195	0.214	0.17	1.306	0.192	1.208	2.286		0.799333333
0.215	3.292	0.189	1.295	0.184	0.187	0.19	0.173	1.212	0.196	1.292	1.307		0.811
0.164	2.316	0.221	1.193	0.206	1.304	1.187	1.166	0.223	2.32	1.185	0.171		0.971333333
0.215	2.317	0.185	0.19	1.2	1.18	0.185	0.186	0.167	1.2	1.192	1.189		0.783833333
0.216	2.185	0.184	2.291	0.156	0.176	0.179	0.174	0.187	0.167	1.294	0.194		0.616916667
0.172	0.19	1.181	0.171	0.163	0.186	1.277	1.285	2.27	0.184	1.193	1.29		0.796833333
0.194	0.283	1.305	1.306	0.187	2.31	0.195	0.216	2.185	0.181	1.277	0.18		0.81825
0.174	4.195	0.169	1.174	0.17	0.213	1.278	1.183	2.288	0.195	1.215	2.209		1.20525
0.201	2.32	0.188	0.173	0.197	0.204	0.211	0.204	0.28	0.184	0.188	0.164		0.376166667
0.178	1.313	0.191	1.195	1.312	0.17	0.19	1.284	0.216	0.182	1.191	0.163		0.632083333
1.286	0.165	2.205	0.191	0.183	2.312	0.206	0.188	0.191	3.288	1.312	1.28		1.06725
0.191	1.199	0.19	0.171	1.187	0.182	0.187	1.201	0.186	0.19	0.184	1.28		0.529
1.199	0.212	3.312	2.285	0.192	0.162	0.202	1.303	2.186	0.285	1.189	1.209		1.144666667
1.252	1.259	0.191	1.276	1.29	1.288	2.186	2.29	3.306	0.192	0.187	0.199		1.243
2.296	3.196	3.294	0.188	2.303	0.227	0.182	0.186	0.183	2.213	1.211	2.293		1.481
0.172	1.206	2.282	0.173	1.208	2.199	1.298	1.302	0.225	1.191	1.294	3.319		1.322416667
0.17	1.291	0.206	0.192	0.202	2.213	0.181	2.208	0.161	0.183	1.2	1.179		0.782166667
1.208	1.2	1.169	0.184	1.295	2.329	1.271	2.318	1.283	1.184	3.292	4.308		1.753416667
2.292	1.307	0.177	1.201	0.214	1.178	0.187	0.208	0.215	0.177	4.316	0.179		0.970916667
2.201	0.181	2.303	1.272	2.289	2.306	0.19	1.314	0.169	1.3	3.284	1.321		1.510833333
1.282	0.215	0.187	0.187	4.318	0.185	1.189	0.217	0.194	1.19	2.308	0.158		0.969166667
2.305	0.173	1.304	0.195	1.28	2.221	1.284	1.185	2.185	1.2	0.18	1.309		1.235083333
2.179	0.185	0.187	2.193	0.175	1.284	0.176	1.203	0.196	0.225	2.194	1.196		0.949416667
0.205	0.167	1.206	0.181	4.218	1.272	1.194	1.286	3.29	0.169	0.165	0.195		1.129
2.288	1.287	1.299	1.304	3.31	0.173	0.165	0.192	0.203	1.285	0.192	2.295		1.166083333
0.188	1.205	0.179	1.192	1.286	0.202	0.202	2.19	0.17	3.318	1.292	0.204		0.969
1.27	1.278	0.177	1.21	2.2	0.173	0.194	1.286	2.293	2.287	0.177	1.206		1.145916667
2.282	3.209	0.171	0.167	0.168	0.19	3.215	1.177	0.176	1.284	1.207	2.308		1.296166667
2.185	0.184	0.179	0.168	3.302	0.178	0.183	0.169	0.19	2.313	1.171	0.195		0.868083333
1.292	0.194	1.206	0.185	0.193	0.173	1.306	3.324	1.224	0.183	1.294	0.197		0.897583333
0.173	2.306	1.182	1.316	0.174	0.191	2.28	2.313	2.278	0.202	0.203	1.21		1.152333333
0.18	1.305	1.294	2.215	0.185	0.181	0.169	0.209	1.305	0.16	1.2	0.188		0.715916667
2.202	0.182	3.214	0.177	1.187	1.219	1.179	0.202	0.198	0.215	0.198	0.212		0.865416667
0.185	0.177	0.192	2.289	2.274	0.174	0.206	1.286	0.172	0.18	2.31	0.188		0.80275
2.3	0.194	0.165	2.284	1.22	1.187	0.171	0.2	1.202	0.191	2.198	0.189		0.958416667
0.154	2.268	0.205	1.203	0.183	1.275	1.207	1.222	1.274	0.203	1.181	1.301		0.973
0.185	0.17	0.209	0.189	2.312	0.194	0.214	0.204	0.168	2.218	0.172	1.214		0.62075
0.188	0.191	0.197	0.208	2.311	0.192	2.324	0.188	0.186	0.181	3.297	2.279		0.9785
0.198	1.27	0.202	1.284	0.193	0.171	0.168	1.2	1.226	0.189	2.29	1.274		0.805416667
0.186	4.307	0.189	1.177	2.191	0.163	2.183	2.291	1.173	2.286	1.285	2.308		1.644916667
1.192	0.219	1.285	0.2	1.277	0.18	2.302	0.296	1.312	0.189	0.203	0.178		0.736083333
0.271	3.296	0.169	0.177	0.161	0.17	0.179	2.231	1.187	1.293	1.189	1.278		0.96675
1.184	3.317	0.224	2.318	0.185	0.207	1.292	0.182	1.284	2.189	0.189	0.209		1.065
1.291	1.183	0.17	0.179	1.207	0.202	0.183	0.164	0.187	0.197	1.284	2.282		0.71075
1.203	0.201	0.18	0.172	0.193	2.307	1.207	0.176	0.196	3.293	2.29	1.279		1.058083333
0.174	1.3	0.17	0.21	0.184	1.29	1.316	1.181	2.204	2.264	2.285	1.175		1.146083333
0.179	0.187	0.182	3.173	1.313	2.268	3.302	1.311	1.207	0.185	0.171	0.213		1.140916667
1.283	3.197	1.181	1.282	1.184	0.216	1.292	0.214	1.266	2.187	2.21	3.31		1.5685
0.188	2.306	2.295	2.218	0.206	1.198	2.325	1.206	0.16	2.284	2.292	0.199		1.406416667
3.211	0.167	0.175	1.293	0.201	0.294	0.194	1.315	0.208	1.279	1.307	1.185		0.902416667
1.291	0.199	0.164	0.205	1.194	1.192	0.186	2.182	2.219	1.288	0.178	0.199		0.87475
0.166	0.207	0.182	1.187	3.308	1.186	1.197	1.287	0.188	0.182	1.19	1.281		0.963416667
1.214	2.289	0.178	0.163	3.319	0.203	2.324	2.297	0.179	1.23	1.209	0.194		1.23325
4.33	0.176	1.285	0.176	1.294	1.269	0.211	1.189	1.171	3.309	4.331	0.191		1.577666667
0.191	0.177	0.17	1.284	0.198	0.195	0.19	1.188	0.171	0.194	1.203	1.199		0.53
0.197	2.301	0.177	1.2	0.19	0.197	3.315	0.183	0.196	0.192	0.183	0.174		0.70875
1.292	4.338	2.217	0.188	0.189	1.191	0.176	0.182	0.185	0.169	1.306	1.292		1.060416667
0.175	1.266	2.329	0.19	0.179	2.305	2.174	2.286	0.2	0.198	0.218	1.194		1.0595
1.193	1.194	1.304	0.173	1.194	0.192	1.303	1.273	0.313	0.192	2.275	0.206		0.901
2.319	0.201	2.187	0.178	2.268	0.184	1.208	0.201	1.191	0.18	1.2	1.196		1.04275
2.188	1.298	0.22	0.191	2.297	1.272	0.196	2.191	0.221	0.198	1.296	2.304		1.156
1.211	1.204	1.177	1.195	0.185	1.199	0.195	0.183	3.261	0.184	0.177	0.169		0.861666667
3.313	1.226	0.163	0.185	0.182	5.295	0.185	0.182	1.278	0.207	3.2	3.324		1.561666667
0.205	1.191	1.294	1.292	0.182	0.188	1.303	0.187	0.189	0.201	0.274	3.32		0.818833333
2.305	0.198	0.174	1.296	1.173	0.182	3.244	0.178	0.2	2.301	0.191	0.181		0.968583333
1.219	0.184	1.172	2.205	1.301	0.273	0.18	0.196	1.304	0.182	0.155	0.175		0.712166667
0.162	1.297	1.192	1.294	0.215	3.2	2.298	0.191	2.303	0.19	0.204	1.209		1.14625
1.19	0.162	0.209	1.186	0.183	1.224	0.192	0.202	0.191	2.228	2.211	3.274		1.037666667
2.288	0.172	1.184	1.309	1.201	2.313	1.29	0.201	1.194	1.318	0.192	0.196		1.0715
1.169	2.285	0.194	1.267	0.187	0.198	0.204	3.319	2.202	0.165	0.208	0.2		0.9665
3.305	2.316	0.204	2.179	2.305	3.306	0.184	2.28	0.222	1.285	0.167	3.284		1.753083333
1.268	0.198	2.308	0.211	3.277	0.198	0.185	0.205	0.196	1.209	0.196	0.203		0.8045
1.204	0.195	0.206	1.272	1.2	0.197	2.206	0.194	3.269	1.176	0.193	0.166		0.9565
0.201	2.326	0.187	0.154	0.211	0.176	1.186	1.202	1.175	0.17	1.269	0.192		0.704083333
2.307	0.197	0.2	0.163	2.306	1.318	0.169	1.184	0.189	0.184	0.207	0.155		0.714916667
1.222	1.184	0.21	1.21	1.291	1.2	2.299	2.268	0.195	1.187	0.208	0.18		1.0545
1.297	1.293	0.165	1.297	3.22	1.296	1.283	1.289	0.173	1.219	1.192	2.29		1.3345
3.195	0.203	0.193	1.176	0.197	1.204	0.198	4.205	2.305	0.209	0.175	1.206		1.2055
0.174	1.185	0.211	0.19	0.207	3.223	0.211	0.177	1.189	1.295	1.194	2.178		0.952833333
1.285	0.172	1.211	0.172	1.267	1.26	0.205	1.295	1.264	1.3	1.27	2.336		1.086416667
1.191	1.297	0.163	0.185	2.21	2.194	0.179	0.17	0.177	1.187	1.167	1.302		0.951833333
0.203	2.195	2.298	1.193	1.193	2.292	0.183	0.194	1.193	2.212	0.176	1.211		1.211916667
2.279	1.287	1.203	3.32	0.164	0.2	0.182	1.203	1.303	0.206	0.183	2.181		1.142583333
0.177	0.165	1.211	0.178	1.26	0.193	1.284	0.161	2.222	2.295	1.296	1.178		0.968333333
1.2	2.195	0.209	0.198	0.224	0.172	0.181	1.199	1.197	1.2	1.205	0.178		0.779833333
4.297	0.272	0.189	0.196	1.162	1.294	0.195	0.209	0.186	0.192	1.317	0.271		0.815
0.183	0.2	1.286	1.297	2.294	1.204	2.307	1.285	1.167	0.19	2.206	1.195		1.2345
0.189	1.189	0.169	1.196	1.191	1.289	1.194	1.291	2.313	0.201	1.281	0.195		0.974833333
3.301	1.283	1.207	1.298	0.199	0.184	2.314	1.192	0.186	3.299	2.305	2.293		1.588416667
0.187	0.177	0.17	2.281	2.276	0.184	0.214	0.171	1.295	1.194	0.197	1.2		0.7955
3.288	0.178	0.177	1.309	4.22	0.22	1.279	1.295	0.196	0.171	0.207	0.175		1.059583333
1.309	0.168	0.189	1.214	1.257	2.187	2.189	0.19	1.186	1.283	0.186	1.301		1.054916667
4.207	0.195	3.299	0.186	1.216	0.198	0.186	2.209	0.193	0.204	0.202	1.204		1.124916667
0.181	1.196	0.189	0.184	1.289	0.193	0.197	1.295	2.308	1.193	0.206	2.297		0.894
2.285	2.287	0.183	0.174	0.193	1.28	2.289	0.184	0.163	0.184	1.204	1.313		0.97825
1.201	2.274	0.154	1.292	1.205	0.214	3.314	0.197	2.3	1.215	1.297	0.183		1.237166667
1.256	0.202	2.268	1.208	1.196	0.162	0.166	0.161	0.191	0.217	1.203	0.197		0.70225
1.292	0.185	0.174	1.196	2.29	0.185	0.184	1.188	2.302	1.295	1.318	3.282		1.240916667
0.189	3.343	0.175	0.161	2.281	2.263	2.29	1.264	0.177	0.185	3.197	1.298		1.401916667
0.21	1.305	1.229	0.189	1.316	0.162	1.19	1.185	1.211	0.18	2.297	2.309		1.06525
1.254	0.201	1.192	1.28	0.16	0.216	2.305	2.201	2.294	0.191	1.262	3.318		1.322833333
0.21	2.226	2.296	0.198	0.184	0.187	0.189	2.298	0.186	0.174	3.308	0.172		0.969
2.209	0.182	1.294	1.187	0.174	0.191	2.196	0.171	1.206	1.203	2.28	0.197		1.040833333
0.176	2.194	3.305	0.183	0.183	0.18	1.266	1.192	1.285	0.172	0.199	0.185		0.876666667
0.208	2.279	0.169	0.192	0.179	0.192	0.181	0.202	1.207	0.193	0.178	0.19		0.4475
2.302	0.186	0.18	0.192	2.196	1.162	0.161	1.181	0.206	1.295	0.162	1.299		0.876833333
0.18	1.182	4.306	1.277	0.163	0.187	1.209	3.303	0.179	1.193	0.174	2.215		1.297333333
0.175	0.171	1.318	2.234	2.281	1.203	1.302	1.276	0.173	2.285	0.166	0.195		1.064916667
0.16	1.282	0.194	1.297	1.321	0.185	3.2	0.192	0.288	1.285	0.197	3.304		1.075416667
0.202	0.167	3.216	0.209	1.277	1.294	0.202	1.308	1.182	1.292	1.206	1.303		1.0715
1.193	0.167	1.321	2.184	2.202	3.307	1.284	1.194	1.281	2.184	2.312	1.298		1.660583333
1.293	1.28	1.194	1.195	1.177	0.172	4.218	1.156	0.178	1.306	0.188	1.182		1.211583333
1.205	1.28	0.149	3.298	0.188	1.312	0.188	1.22	2.219	0.181	0.173	1.217		1.0525
1.192	0.176	1.318	1.207	0.19	0.19	0.176	1.286	0.183	2.215	0.199	0.203		0.71125
0.193	2.196	1.29	0.197	2.305	1.289	0.168	2.196	0.181	0.201	2.179	0.18		1.047916667
2.307	0.196	1.189	1.317	0.176	0.182	2.299	1.294	1.176	1.279	1.315	1.301		1.16925
0.182	0.19	1.179	0.165	1.194	0.201	0.185	0.188	0.207	1.188	0.167	1.207		0.521083333
0.163	0.178	3.294	1.276	1.206	2.224	0.191	1.183	0.197	1.201	1.206	1.196		1.12625
1.307	0.189	3.316	1.171	0.193	0.216	1.298	0.188	0.197	0.183	0.205	2.317		0.898333333
2.199	1.292	0.193	0.189	0.198	0.198	1.19	0.248	0.198	2.31	0.193	1.189		0.79975
1.174	0.168	0.18	0.162	0.19	1.208	1.321	0.177	0.173	0.189	0.174	0.206		0.4435
1.289	1.164	0.182	0.207	1.294	3.298	1.28	0.185	2.29	0.177	0.175	3.306		1.23725
1.204	1.305	1.215	1.208	1.201	2.286	0.186	1.186	0.199	1.183	0.18	0.201		0.962833333
0.203	0.19	1.258	2.299	0.173	0.189	0.191	0.196	2.168	2.29	1.298	1.174		0.969083333
3.301	0.18	0.193	0.197	1.281	2.287	1.203	1.291	1.297	1.193	0.166	0.195		1.065333333
0.196	1.19	1.214	1.292	1.192	1.199	0.191	2.293	0.177	0.191	2.257	2.306		1.1415
0.17	1.285	1.303	1.28	0.201	1.283	0.198	1.186	3.268	0.188	0.192	0.166		0.893333333
2.312	0.193	0.189	0.178	2.28	0.184	0.198	4.318	2.292	0.195	2.315	0.279		1.244416667
0.205	0.17	0.189	0.186	1.294	1.185	0.188	0.19	1.196	1.189	0.213	2.241		0.703833333
0.213	2.193	1.196	1.185	1.194	2.303	2.289	0.176	2.204	2.325	0.217	2.279		1.481166667
0.177	0.148	1.23	2.272	1.202	0.191	1.293	3.329	1.275	2.281	0.206	1.308		1.242666667
0.164	1.21	3.296	0.196	0.165	0.178	0.195	1.186	0.206	1.267	1.291	1.219		0.881083333
0.19	0.182	1.3	0.197	0.187	0.217	0.197	1.316	0.188	1.204	1.209	1.289		0.639666667
1.208	0.174	0.192	3.333	0.182	0.181	2.315	0.173	1.281	2.328	1.156	0.205		1.060666667
1.27	0.172	1.298	1.275	0.189	1.164	1.277	2.192	2.204	1.207	0.195	1.191		1.136166667
1.201	0.22	2.203	1.204	3.321	0.203	0.173	1.205	1.31	1.288	1.286	0.22		1.152833333
1.277	2.329	3.302	0.195	2.263	0.197	0.201	0.188	1.189	2.28	2.299	1.286		1.417166667
1.262	1.196	0.202	0.166	2.208	4.319	0.207	1.294	1.266	0.189	3.286	0.204		1.316583333
2.215	0.16	2.304	0.187	1.314	2.328	1.29	1.277	2.195	2.214	2.299	0.188		1.497583333
1.302	2.326	0.172	0.19	0.181	1.285	0.177	1.222	0.3	2.29	0.201	1.185		0.902583333
1.175	2.199	1.193	0.184	1.19	2.28	1.202	0.187	1.217	1.283	0.209	2.3		1.21825
2.207	2.302	0.199	0.173	0.183	1.279	0.162	2.29	0.189	2.179	0.183	0.164		0.959166667
0.155	1.301	0.194	0.191	1.29	0.218	0.184	1.186	2.2	1.181	0.196	1.291		0.798916667
2.316	1.298	3.294	0.192	0.203	1.307	0.222	1.201	1.283	0.176	1.189	1.184		1.155416667
1.208	0.198	0.177	1.277	2.183	1.181	2.18	1.287	1.213	0.184	3.288	1.29		1.3055
0.288	1.203	1.24	2.284	1.263	1.205	1.293	1.284	1.196	0.212	1.207	0.18		1.07125
0.188	2.295	0.201	1.205	0.209	1.279	1.197	0.197	0.185	0.161	1.195	0.152		0.705333333
0.181	4.3	2.304	0.201	0.188	2.185	1.188	3.224	0.203	2.297	1.282	0.178		1.477583333
1.182	1.286	0.199	0.185	1.181	0.163	1.316	1.295	2.303	0.176	1.194	0.17		0.8875
0.198	1.29	0.183	0.176	0.295	2.304	0.198	1.187	2.288	1.283	1.202	0.164		0.897333333
0.178	0.176	3.278	1.2	1.182	0.195	0.216	0.187	0.214	0.183	1.181	2.195		0.865416667
2.303	0.192	1.204	0.202	1.273	2.297	0.204	1.193	0.176	1.178	1.282	1.2		1.058666667
1.212	0.195	0.202	0.188	1.179	2.298	1.211	1.318	2.304	0.206	2.215	1.292		1.151666667
0.195	0.171	0.179	0.191	1.206	0.183	0.169	1.281	2.314	0.199	1.256	0.205		0.629083333
0.178	3.33	1.272	2.287	1.292	2.292	1.184	2.207	2.305	0.19	1.184	1.188		1.57575
2.293	0.204	1.21	1.31	0.211	0.186	0.235	2.297	0.17	0.193	3.32	0.209		0.9865
0.177	0.179	0.176	2.317	4.331	1.302	2.296	1.289	3.316	2.287	1.315	1.193		1.6815
0.174	1.289	0.175	1.286	0.195	0.2	0.177	0.18	0.17	0.165	0.185	0.193		0.36575
1.211	1.193	0.191	0.194	0.173	1.188	0.172	2.295	1.203	0.187	0.186	0.185		0.698166667
1.329	0.198	1.203	0.198	0.196	0.184	1.293	0.191	1.275	1.29	1.288	1.316		0.830083333
0.176	2.196	1.295	0.175	1.284	1.295	1.186	0.199	2.295	1.286	1.196	0.183		1.063833333
0.201	0.28	0.186	0.181	0.176	3.303	1.288	2.218	0.216	0.198	1.174	1.183		0.883666667
0.184	2.191	1.292	1.283	1.193	1.296	1.311	0.183	1.287	0.172	4.315	0.172		1.239916667
0.186	0.194	1.277	3.194	2.215	0.198	1.29	0.197	2.214	0.176	1.277	0.194		1.051
1.178	2.289	0.184	2.303	1.283	1.27	1.291	1.297	1.289	1.181	1.19	1.159		1.326166667
0.198	0.201	3.22	0.19	0.188	0.18	2.221	1.32	0.195	2.295	1.208	1.261		1.056416667
2.299	0.179	1.28	0.177	1.299	0.187	1.191	0.175	2.222	0.223	2.287	3.325		1.237
1.296	2.286	0.185	0.2	0.19	0.169	1.296	0.203	2.307	0.167	0.19	0.215		0.725333333
0.183	1.304	1.214	1.276	0.175	0.172	1.283	2.293	2.278	2.306	0.19	0.184		1.0715
0.174	1.194	2.332	1.191	1.307	3.312	0.187	1.315	2.288	2.275	1.294	0.186		1.42125
3.304	1.28	1.191	0.211	0.192	1.185	0.203	0.213	1.28	2.269	2.199	1.297		1.235333333
2.291	1.197	2.292	2.322	0.171	1.281	0.192	1.181	2.202	1.292	0.213	0.18		1.2345
1.207	2.189	1.291	0.193	2.202	2.192	0.201	1.195	0.183	2.208	1.199	0.184		1.203666667
1.305	0.204	0.189	4.312	4.309	0.294	0.193	1.286	0.169	1.282	0.19	1.17		1.241916667
0.184	3.321	0.168	0.197	1.204	1.179	1.203	2.199	0.191	0.195	1.268	1.271		1.048333333
2.313	1.291	0.206	0.179	2.293	0.199	1.281	1.291	1.284	2.291	3.287	1.208		1.426916667
0.203	3.199	0.17	1.291	0.183	2.317	0.178	1.206	0.19	0.211	0.293	3.296		1.061416667
0.186	2.301	0.202	1.184	2.296	0.189	1.179	0.173	0.187	0.178	1.194	2.294		0.963583333
1.183	0.205	0.194	2.304	1.3	0.176	1.3	0.182	1.195	3.306	1.28	0.197		1.0685
1.292	1.284	1.167	0.176	0.194	1.318	0.199	0.209	1.278	0.199	3.204	0.164		0.890333333
1.208	2.216	2.32	1.178	0.191	1.202	0.177	2.299	0.186	2.337	0.175	2.276		1.31375
0.174	3.315	0.183	1.274	0.188	2.29	1.211	0.194	1.194	0.2	1.214	0.196		0.969416667
1.292	2.275	0.199	1.276	0.211	2.2	0.212	0.186	0.214	3.307	1.293	0.227		1.074333333
1.19	2.293	2.163	3.292	1.194	2.315	3.203	0.201	0.174	0.19	0.171	3.323		1.642416667
0.176	2.304	0.2	1.275	1.291	0.181	0.174	2.285	1.287	1.281	0.207	1.283		0.995333333
0.211	0.171	0.162	0.199	1.27	1.212	0.183	2.208	0.199	0.188	0.181	0.189		0.531083333
3.313	0.2	0.284	3.294	1.2	0.198	1.273	1.301	0.188	1.301	1.218	0.185		1.162916667
1.266	1.213	2.195	0.203	1.18	1.288	0.174	0.18	1.254	1.185	2.315	0.187		1.053333333
1.207	2.303	0.184	1.32	2.311	0.202	1.195	0.204	2.203	0.196	1.189	1.198		1.142666667
1.153	2.293	2.295	2.311	2.278	2.289	0.317	0.173	1.294	0.195	3.299	1.301		1.599833333
0.194	0.186	0.177	1.316	2.298	1.261	0.172	0.173	0.192	1.278	0.181	1.299		0.72725
0.184	0.202	1.196	1.212	0.208	0.181	1.172	1.19	0.193	2.297	0.179	0.201		0.70125
2.283	0.177	0.178	2.227	0.173	1.192	1.193	1.273	4.314	0.2	2.3	1.313		1.401916667
2.211	2.221	2.215	1.296	1.267	1.278	1.173	1.287	3.327	1.264	1.298	0.222		1.58825
1.184	0.208	2.309	0.161	0.192	0.178	1.197	0.202	2.277	0.156	0.204	3.211		0.956583333
0.197	3.292	1.199	0.163	0.166	0.192	0.182	1.205	0.21	2.216	1.214	1.315		0.962583333
1.307	0.167	5.318	1.198	0.189	2.201	3.303	1.181	0.184	1.194	2.185	1.208		1.63625
0.182	1.293	1.331	1.18	1.172	0.181	0.201	2.293	1.299	1.299	0.19	1.288		0.992416667
0.189	0.175	0.21	1.211	0.185	2.316	0.206	0.196	1.3	0.197	0.182	2.299		0.722166667
1.19	0.155	0.221	1.307	3.299	3.319	0.214	2.307	0.169	1.173	0.216	1.311		1.240083333
0.195	1.294	1.192	0.194	1.226	2.209	2.29	0.186	1.193	1.277	0.28	1.19		1.0605
1.226	1.195	2.304	0.184	1.275	1.284	0.189	0.163	1.291	0.203	0.191	0.208		0.809416667
4.317	0.197	2.277	0.17	1.186	0.171	1.282	0.194	1.188	1.204	1.184	1.28		1.220833333
0.184	0.208	2.299	0.176	2.28	0.17	3.228	1.294	2.287	0.194	2.337	2.198		1.404583333
2.3	0.181	2.297	0.176	2.268	1.304	1.302	1.289	1.29	0.181	2.309	1.285		1.3485
0.304	0.18	0.167	1.184	0.193	0.183	2.321	1.187	1.197	2.286	0.18	1.273		0.887916667
0.177	0.188	0.211	1.28	2.308	0.178	0.195	2.31	0.177	2.306	0.192	0.189		0.80925
2.2	1.211	0.176	1.312	0.187	2.197	0.185	1.211	2.3	1.293	0.173	2.279		1.227
0.177	2.304	0.206	3.213	0.175	3.324	1.3	1.277	1.261	0.202	1.209	0.19		1.2365
0.186	2.283	1.19	2.292	1.287	0.159	1.208	0.191	3.314	4.323	1.186	1.286		1.575416667
0.183	2.202	0.18	0.202	0.202	2.2	1.187	2.3	2.292	0.168	0.194	0.197		0.958916667
0.178	0.197	0.153	0.191	2.201	0.18	0.19	0.179	3.307	1.294	0.298	0.191		0.71325
1.282	0.164	3.285	1.271	1.29	3.308	1.21	0.181	0.17	0.175	0.198	0.19		1.060333333
2.179	0.176	1.285	1.196	0.194	1.194	2.279	0.179	1.274	0.178	2.207	1.174		1.12625
2.276	2.294	0.19	1.278	1.209	0.169	3.307	0.169	1.203	0.181	0.187	1.279		1.145166667
2.304	1.266	1.178	0.199	2.283	0.303	1.267	1.201	2.302	0.204	0.169	0.208		1.073666667
1.178	0.173	0.189	1.193	2.196	1.199	0.179	0.169	3.307	1.198	1.309	0.18		1.039166667
0.177	1.172	0.191	1.276	1.299	1.203	1.193	1.298	0.167	2.305	0.171	1.293		0.97875
0.149	0.172	0.2	1.197	1.193	1.183	0.193	0.201	1.191	0.175	2.298	0.199		0.695916667
2.304	0.188	0.194	0.191	0.176	1.3	0.202	0.193	0.202	2.203	0.207	1.211		0.71425
0.17	1.291	2.311	0.177	2.284	1.182	1.294	3.312	1.31	0.18	0.21	1.319		1.253333333
1.261	0.192	1.298	0.201	0.209	1.203	1.196	0.182	0.19	1.179	1.192	0.169		0.706
1.207	2.306	0.189	0.174	0.185	0.168	0.212	0.196	1.201	0.171	0.192	0.172		0.531083333
0.191	0.183	0.196	0.188	1.173	0.192	0.17	0.189	1.266	1.303	1.285	2.222		0.713166667
1.271	1.2	2.184	0.164	1.291	1.297	0.169	1.293	1.191	0.187	0.192	0.189		0.885666667
0.18	1.284	0.172	0.17	0.182	2.282	2.295	0.181	0.177	0.191	1.289	1.278		0.80675
0.178	2.307	4.32	1.167	0.202	0.177	0.185	1.215	2.272	2.285	0.196	1.189		1.30775
0.169	1.206	0.204	0.287	0.197	1.268	0.181	2.283	0.177	1.176	0.175	1.193		0.709666667
2.199	1.28	0.173	0.178	2.188	3.315	2.289	2.282	0.183	0.191	0.195	0.176		1.22075
2.284	0.188	0.263	1.189	0.18	1.294	2.164	3.274	0.2	1.301	1.217	2.288		1.320166667
0.185	2.286	0.186	3.281	1.303	1.188	0.184	2.305	0.183	1.287	1.286	2.275		1.329083333
2.21	1.288	1.194	1.296	2.185	1.187	0.316	3.3	0.2	1.217	1.211	0.188		1.316
0.22	1.188	0.181	0.205	1.298	0.198	0.185	0.178	0.182	1.189	1.26	0.189		0.539416667
1.286	2.306	1.179	0.198	0.182	0.21	2.208	0.173	1.303	1.225	1.189	1.293		1.062666667
0.197	1.297	0.176	1.299	3.221	1.196	0.214	0.201	1.213	1.285	1.208	1.183		1.0575
1.181	0.196	1.285	1.18	0.19	0.181	4.327	0.191	2.292	0.156	0.181	1.19		1.045833333
0.187	0.199	0.18	1.203	1.283	1.301	1.3	2.295	2.297	0.216	0.173	1.277		0.992583333
0.187	1.199	2.287	2.2	1.189	2.216	1.203	2.195	0.194	1.173	1.193	0.189		1.285416667
0.199	0.201	1.278	2.293	2.287	1.205	1.203	0.158	1.302	2.304	0.177	1.194		1.150083333
1.22	1.209	0.181	0.176	2.285	0.18	1.275	1.305	0.207	0.192	2.181	0.202		0.884416667
0.19	0.183	0.176	0.202	0.181	0.176	0.207	1.164	1.201	2.211	2.295	0.191		0.698083333
0.187	1.321	1.218	0.201	1.265	4.288	0.187	2.272	0.185	1.285	0.177	0.189		1.064583333
0.19	1.196	2.263	0.184	1.214	1.303	0.185	0.184	3.294	1.303	0.284	0.203		0.983583333
0.19	2.286	0.199	1.285	1.287	1.303	0.204	0.17	1.283	0.198	1.211	1.277		0.90775
1.285	1.185	3.29	2.198	1.176	0.183	0.186	1.227	1.179	0.177	0.182	0.173		1.03675
1.293	0.169	0.198	0.184	0.168	1.197	3.201	0.163	1.281	0.167	1.205	2.174		0.95
1.197	2.297	0.16	0.173	1.278	1.283	1.292	1.302	1.193	1.185	1.315	4.299		1.4145
1.282	1.276	1.175	0.189	0.189	0.194	1.225	1.196	1.278	1.191	0.184	1.272		0.887583333
0.182	1.219	0.2	1.302	2.197	1.172	1.288	0.207	1.29	0.185	0.174	2.223		0.969916667
0.203	1.195	1.311	3.242	0.158	1.284	2.199	2.307	1.188	0.197	3.202	1.195		1.473416667
1.218	1.27	3.283	1.292	0.167	1.2	1.276	0.183	0.183	0.217	2.297	0.172		1.063166667
1.3	0.189	1.292	2.327	0.171	0.177	0.191	3.182	1.297	1.283	0.209	3.286		1.242
1.2	1.196	2.31	1.21	3.301	0.176	1.207	3.324	0.179	1.206	0.185	0.208		1.3085
1.278	0.184	0.174	1.281	1.172	1.269	0.186	1.201	0.179	3.303	0.154	0.203		0.882
0.186	3.295	0.166	1.252	0.302	0.18	0.22	1.292	0.198	0.173	0.293	0.183		0.645
2.226	1.291	4.339	0.183	1.218	0.187	1.285	0.19	1.172	2.305	1.197	1.212		1.400416667
3.299	0.216	0.199	2.201	0.201	1.296	3.285	0.207	0.208	2.324	0.195	0.178		1.15075
0.208	1.194	1.294	0.207	0.175	3.222	1.304	2.3	3.309	1.215	1.209	0.187		1.318666667
2.296	1.188	1.22	0.169	0.187	1.304	0.187	0.19	0.184	1.273	2.314	1.3		0.984333333
2.19	2.313	3.285	0.173	0.185	0.191	0.184	0.175	0.173	0.199	2.295	3.313		1.223
1.298	3.286	1.302	1.199	0.214	1.183	0.18	1.184	0.173	1.182	4.3	1.309		1.400833333
1.203	1.168	1.188	0.281	0.212	3.319	4.309	3.318	1.181	1.3	1.193	2.29		1.746833333
0.193	0.26	0.177	1.17	0.182	0.199	0.282	0.283	4.31	2.3	1.304	0.202		0.905166667
0.174	1.198	3.323	2.193	1.2	0.199	1.199	1.217	2.29	0.182	2.28	2.29		1.47875
2.317	0.16	2.31	3.309	2.295	0.186	0.198	1.169	0.177	0.186	0.195	0.188		1.0575
2.217	0.177	1.201	1.2	1.297	2.296	0.197	0.177	2.278	0.193	1.294	0.165		1.057666667
1.291	1.166	0.18	0.206	2.193	1.157	0.197	1.299	3.316	0.202	0.22	0.195		0.9685
3.282	1.277	2.313	3.306	2.284	0.14	0.167	1.195	0.184	0.166	1.207	2.29		1.48425
0.197	3.315	2.257	0.174	3.308	2.319	0.189	1.281	0.203	0.167	1.166	0.163		1.22825
1.333	1.301	0.179	0.185	2.293	1.29	1.182	1.193	0.18	1.217	0.192	1.282		0.985583333
0.19	1.307	0.193	1.312	0.162	0.174	1.293	1.175	0.188	0.212	0.202	2.213		0.718416667
1.168	0.188	0.177	0.2	1.19	2.316	1.284	0.193	0.176	1.311	3.302	2.289		1.1495
1.218	2.222	0.198	0.165	1.281	1.158	0.195	1.302	0.197	1.194	0.186	0.169		0.790416667
0.195	0.186	0.185	0.2	3.203	2.3	0.188	0.182	2.274	0.161	1.285	0.168		0.87725
2.312	1.304	2.312	1.188	1.286	0.193	1.312	0.164	0.186	1.195	2.311	2.187		1.329166667
0.195	2.198	0.18	0.214	1.175	1.202	1.196	0.196	0.274	2.326	0.192	0.202		0.795833333
1.205	2.29	0.195	0.28	1.28	1.285	1.297	0.186	2.187	1.297	0.197	1.294		1.08275
2.299	0.198	1.289	2.204	0.192	0.196	0.171	0.188	0.208	2.184	1.203	1.22		0.962666667
1.212	0.189	0.193	1.31	2.289	1.286	0.185	0.207	0.173	0.179	0.183	1.236		0.720166667
0.199	1.264	0.196	1.207	1.289	1.168	0.208	1.27	3.314	0.192	1.226	3.319		1.237666667
2.293	1.194	0.171	4.312	0.179	1.288	0.207	3.188	1.165	2.289	2.294	0.206		1.5655
1.18	1.184	2.204	0.18	0.177	2.237	0.191	0.192	0.184	1.309	3.279	1.281		1.133166667
3.306	1.275	0.188	1.276	0.181	0.171	0.196	3.313	0.195	0.181	1.172	1.185		1.05325
0.197	1.187	0.208	0.184	0.197	1.277	0.21	1.305	1.293	0.179	0.181	1.277		0.64125
5.329	0.19	1.296	0.178	0.166	0.186	1.223	1.185	0.173	0.185	1.285	3.3		1.224666667
0.176	0.196	1.184	1.177	1.188	1.156	1.278	2.298	1.189	2.202	1.294	3.326		1.388666667
3.289	0.211	0.17	1.191	1.274	0.196	2.302	0.193	0.19	1.271	0.177	0.197		0.888416667
0.195	1.273	0.199	0.297	2.302	0.191	1.191	0.186	2.306	1.188	1.304	0.19		0.901833333
0.21	0.19	2.29	2.209	1.283	0.204	0.206	2.315	2.278	2.193	1.289	0.211		1.239833333
0.179	0.157	1.199	2.296	1.191	1.265	1.305	1.204	1.258	1.286	0.165	1.277		1.065166667
0.187	1.218	0.178	0.206	0.203	1.201	1.187	1.226	1.189	1.225	0.175	1.3		0.79125
1.283	0.218	0.217	0.179	0.194	0.17	0.19	0.189	2.203	0.197	1.205	0.191		0.536333333
1.194	1.296	1.202	2.292	0.195	0.173	0.19	1.275	0.178	1.188	1.292	0.191		0.888833333
0.182	0.166	1.299	3.334	0.195	1.19	1.291	0.204	0.156	3.306	1.187	3.202		1.309333333
0.203	1.205	0.211	0.152	0.2	1.326	1.214	0.199	0.209	0.193	0.184	1.186		0.540166667
2.285	3.301	1.283	0.206	1.274	0.213	2.285	0.225	1.274	4.302	2.286	2.312		1.7705
0.217	2.322	1.194	1.162	1.189	1.171	3.199	0.174	1.199	1.287	0.197	2.284		1.299583333
0.178	2.268	1.276	0.183	0.197	0.201	0.17	0.175	0.179	1.219	0.165	1.169		0.615
0.216	2.196	3.226	0.17	0.159	0.2	2.284	1.174	1.285	1.2	1.199	0.177		1.123833333
0.176	0.194	1.288	0.309	0.179	0.2	3.303	1.204	2.185	1.206	1.3	1.257		1.06675
3.27	0.184	1.283	0.168	2.285	0.206	0.196	3.306	0.202	2.294	0.184	2.191		1.314083333
2.311	1.304	0.187	1.189	1.284	3.304	3.292	1.189	1.295	2.314	0.203	0.167		1.50325
0.214	2.285	2.201	2.218	0.2	1.292	2.3	2.285	0.18	0.189	0.213	1.295		1.239333333
2.188	2.312	1.183	1.286	0.19	2.189	0.212	1.174	3.306	0.182	1.222	1.21		1.387833333
3.317	1.181	0.175	1.198	0.222	2.176	0.194	1.296	1.285	2.184	0.208	1.195		1.21925
1.203	1.28	1.214	2.189	2.177	4.288	0.195	0.193	1.3	0.201	2.23	0.189		1.38825
0.199	2.291	3.302	0.184	1.298	3.323	1.301	2.211	0.196	0.197	0.17	0.193		1.23875
1.282	0.201	3.301	2.297	2.206	0.178	0.164	1.291	1.19	0.188	2.272	0.191		1.230083333
3.3	2.31	0.215	1.322	3.303	0.181	0.193	0.183	0.184	0.193	0.204	2.316		1.158666667
2.191	1.196	0.167	1.283	0.184	0.196	0.175	0.21	1.283	0.18	2.301	1.294		0.888333333
2.301	2.298	0.192	1.174	3.285	1.202	0.187	0.169	1.214	1.298	0.199	0.193		1.142666667
0.296	1.314	1.205	0.195	1.287	2.276	3.326	0.169	1.283	3.336	1.184	0.164		1.33625
1.185	1.181	2.312	1.211	1.186	1.182	0.204	0.176	2.325	2.291	0.199	1.189		1.220083333
0.191	0.211	0.2	0.198	1.305	0.19	1.288	2.204	1.313	1.312	0.182	1.206		0.816666667
1.193	2.178	1.281	1.193	1.276	2.304	0.195	1.196	1.206	2.285	2.303	1.202		1.484333333
0.168	0.203	0.208	0.193	0.158	1.215	0.181	1.276	0.173	0.183	1.277	0.2		0.452916667
1.306	0.203	1.206	0.203	0.168	0.178	2.2	2.187	0.202	1.183	3.197	1.202		1.119583333
0.168	1.273	0.169	3.313	0.164	3.304	1.322	0.173	1.292	0.294	1.294	0.194		1.08
0.189	1.18	2.321	0.184	0.182	2.29	0.186	0.17	1.284	0.196	2.194	2.319		1.057916667
3.3	0.191	1.201	1.293	0.199	1.315	0.191	2.297	0.159	2.202	0.172	2.311		1.235916667
1.257	1.264	0.193	0.184	1.214	3.272	2.264	0.193	0.161	0.194	1.291	1.179		1.0555
1.266	1.188	1.293	1.213	0.172	1.185	1.173	4.314	0.185	0.185	1.201	2.297		1.306
0.177	0.196	1.189	0.193	0.189	0.157	1.181	0.176	1.297	0.17	1.188	0.172		0.52375
2.2	1.203	1.291	1.29	3.29	3.3	1.287	0.189	1.215	1.305	2.188	1.268		1.668833333
0.18	1.286	0.183	1.271	0.187	2.33	0.198	1.288	1.193	1.185	0.173	0.167		0.803416667
1.274	1.189	0.174	1.198	0.19	0.166	1.188	2.168	1.278	2.27	3.304	1.195		1.2995
0.21	3.295	0.185	1.308	2.277	0.161	1.196	0.186	1.186	2.299	0.175	1.28		1.1465
0.202	1.294	1.215	2.273	0.191	1.171	0.195	0.29	0.187	2.234	0.178	1.182		0.884333333
2.295	0.186	2.201	0.198	1.277	2.197	1.186	0.17	2.293	0.209	2.294	0.172		1.223166667
1.154	1.22	0.178	1.201	1.206	0.184	0.196	1.207	0.166	2.3	2.284	0.197		0.95775
3.311	1.298	3.297	1.225	0.178	1.304	1.287	3.205	0.223	0.2	2.215	1.292		1.58625
0.185	1.179	0.204	1.273	2.292	1.295	2.279	0.272	1.306	0.19	2.307	0.181		1.08025
1.303	0.19	3.326	1.283	1.271	2.3	0.196	2.212	1.184	2.293	0.209	1.19		1.413083333
1.206	0.171	0.178	0.193	0.196	1.271	0.174	1.194	0.183	0.196	0.184	2.2		0.612166667
1.305	0.207	0.167	1.206	1.186	0.211	1.207	0.201	0.187	0.312	1.197	2.263		0.804083333
0.204	1.304	0.202	1.281	1.302	1.264	3.308	0.21	1.292	0.196	1.174	2.219		1.163
1.203	0.194	0.22	0.199	0.191	1.191	1.301	0.192	0.19	1.199	0.187	2.234		0.708416667
1.214	0.184	0.189	2.295	0.172	0.181	1.287	3.293	0.198	2.201	3.299	0.214		1.22725
5.316	1.18	1.2	1.196	0.184	0.175	2.216	0.194	1.193	1.308	1.309	1.272		1.39525
1.296	0.176	0.197	0.285	0.214	3.3	0.185	0.209	0.196	1.196	0.187	0.167		0.634
1.197	0.18	0.18	2.194	1.17	0.189	1.294	0.178	0.193	1.322	1.192	1.187		0.873
2.27	0.196	3.306	0.188	1.2	0.199	4.284	0.189	0.203	1.29	0.193	0.183		1.14175
0.194	0.179	1.208	2.319	1.274	0.197	0.193	2.325	1.293	1.192	0.203	0.158		0.894583333
0.181	1.288	0.18	1.287	3.213	0.189	2.33	2.303	0.181	0.187	2.31	0.199		1.154
1.301	1.179	2.285	1.211	0.203	1.296	1.281	0.156	1.193	1.214	1.214	0.2		1.061083333
1.202	0.17	0.18	0.194	1.283	2.327	0.172	0.194	0.169	0.188	2.322	1.28		0.80675
1.305	2.311	1.195	0.181	2.2	0.205	0.201	0.18	1.289	0.182	0.193	0.192		0.802833333
0.187	0.186	2.308	1.202	0.186	1.278	0.207	1.305	1.288	2.318	0.181	2.299		1.07875
0.189	1.292	0.216	1.178	0.185	0.201	1.293	0.181	0.179	0.197	2.316	1.291		0.7265
0.206	2.211	0.197	0.285	0.282	1.305	1.198	2.29	1.194	3.297	0.145	2.215		1.235416667
3.275	1.179	1.271	0.207	1.181	2.3	0.198	2.293	0.187	0.183	1.174	0.193		1.13675
0.186	1.316	0.174	0.192	0.199	1.307	2.181	1.197	2.296	3.304	1.292	3.297		1.41175
0.182	1.186	0.223	2.212	2.184	1.319	1.293	1.306	1.306	0.189	0.188	0.197		0.982083333
2.297	0.162	1.193	1.302	1.286	1.202	1.202	0.192	0.2	1.196	0.16	0.184		0.881333333
0.184	0.299	1.166	1.214	0.194	0.304	1.284	0.215	1.186	1.299	1.173	1.192		0.809166667
1.188	0.185	0.19	1.207	2.321	1.213	0.165	1.191	3.326	1.216	2.303	1.2		1.30875
1.277	0.204	1.276	1.277	0.172	1.213	2.233	1.296	3.305	1.264	0.196	1.296		1.25075
1.301	1.18	0.183	3.315	0.212	1.296	1.203	0.174	1.278	2.2	4.331	0.163		1.403
3.299	3.23	0.204	2.295	1.185	0.191	2.32	1.184	0.17	0.185	0.198	1.217		1.3065
1.166	1.294	0.202	0.189	3.292	1.194	0.182	0.197	0.169	0.197	3.3	0.158		0.961666667
1.274	0.182	1.291	0.178	2.31	2.323	0.186	1.183	0.186	0.199	1.275	0.202		0.899083333
0.19	2.204	0.186	0.186	2.291	1.186	0.212	1.205	0.177	0.187	0.193	0.198		0.70125
2.199	1.274	2.194	0.179	1.21	0.186	0.203	1.266	0.164	0.178	1.211	2.319		1.048583333
2.264	0.185	0.19	1.181	2.301	2.301	0.174	0.206	0.179	0.183	0.19	0.2		0.796166667
0.302	4.315	2.304	0.182	1.204	2.342	0.18	1.206	1.274	2.321	0.172	0.211		1.334416667
1.201	1.307	1.31	3.292	0.195	3.312	1.192	2.285	1.205	1.3	0.174	1.322		1.507916667
2.207	0.198	1.295	2.306	0.203	1.203	1.283	0.18	1.279	2.193	3.301	1.176		1.402
0.18	0.186	1.225	1.2	0.196	1.299	0.182	0.156	0.184	1.304	1.297	0.196		0.63375
2.295	0.195	1.303	0.177	0.192	1.171	0.196	2.307	1.175	2.299	0.16	0.18		0.970833333
1.217	0.177	1.265	2.301	3.332	0.189	1.282	1.279	0.208	1.199	1.197	2.307		1.329416667
0.212	1.184	0.202	0.177	0.164	1.264	0.183	1.201	2.307	0.162	1.182	0.174		0.701
0.182	3.29	0.193	0.189	1.294	0.168	0.215	1.197	0.188	0.179	0.189	1.187		0.705916667
0.192	0.219	0.211	0.159	1.265	1.19	0.164	1.207	1.277	2.293	4.327	0.179		1.056916667
0.171	0.176	0.178	1.215	0.205	0.19	2.201	0.184	0.217	0.194	1.192	0.192		0.52625
3.317	1.166	0.209	0.193	0.175	1.295	0.16	1.271	1.186	1.185	0.196	2.307		1.055
1.194	1.198	2.204	0.182	0.186	1.189	0.199	0.175	1.279	0.178	1.285	0.176		0.787083333
0.188	3.281	1.286	1.305	2.201	1.176	1.267	1.286	0.202	0.176	0.195	1.194		1.146416667
1.197	0.189	4.219	1.189	2.306	1.285	3.205	1.178	0.188	0.184	1.307	1.292		1.47825
3.29	1.175	0.176	1.287	0.212	2.288	1.264	0.161	2.284	1.306	1.202	0.214		1.23825
1.21	0.223	0.178	0.19	0.182	0.191	2.208	0.206	0.189	0.167	0.177	0.189		0.4425
2.28	0.28	1.182	0.204	1.191	2.29	1.285	0.183	1.277	3.214	2.187	1.2		1.39775
1.177	2.206	1.278	2.296	2.321	1.29	1.19	1.284	0.175	0.203	1.278	0.197		1.24125
0.168	0.189	0.191	0.179	2.218	2.296	2.303	2.313	2.218	0.201	2.186	2.197		1.38825
1.277	0.188	0.177	1.22	0.2	0.19	0.197	2.277	0.183	2.298	0.197	0.198		0.716833333
0.184	0.265	1.297	0.191	1.305	1.305	1.202	2.318	0.163	1.288	0.186	0.17		0.822833333
1.301	0.18	1.186	0.168	0.175	1.181	0.165	2.31	1.295	5.238	1.289	0.192		1.223333333
3.2	0.213	1.189	1.317	0.176	0.214	1.187	2.298	1.261	2.3	1.194	0.213		1.230166667
1.319	3.217	0.186	1.289	0.176	1.179	0.182	3.271	0.199	0.195	0.183	2.315		1.142583333
2.27	0.182	0.281	1.217	1.305	0.191	1.284	3.324	1.183	1.296	1.268	0.181		1.165166667
0.19	0.203	3.212	1.192	1.194	0.189	2.289	0.182	0.191	1.312	1.301	1.294		1.062416667
2.296	0.176	1.282	0.175	0.175	1.302	1.308	0.2	2.28	0.182	0.18	2.206		0.980166667
1.2	3.302	1.2	0.179	0.192	2.213	0.196	0.235	0.161	0.212	0.189	0.218		0.791416667
2.302	1.294	0.205	1.28	1.258	1.204	0.184	0.213	4.319	0.196	2.21	0.192		1.238083333
1.282	0.176	4.215	0.192	0.184	1.303	0.191	1.226	3.285	3.209	4.29	0.18		1.644416667
3.199	3.282	0.201	1.163	2.298	1.293	0.213	0.199	0.173	0.173	0.17	0.21		1.047833333
0.171	0.169	1.287	0.196	0.195	0.198	0.185	3.303	1.211	1.305	1.275	0.179		0.806166667
1.297	0.179	0.191	2.308	2.304	1.198	0.174	0.168	0.188	0.168	0.182	0.181		0.7115
2.297	2.323	0.161	0.177	1.3	0.207	0.189	0.191	0.172	0.18	1.299	0.29		0.732166667
1.166	0.213	1.269	0.192	2.293	0.205	1.201	0.188	0.207	1.193	1.196	1.216		0.87825
0.154	0.16	0.156	0.186	1.209	0.193	0.186	3.315	0.2	0.185	2.327	1.275		0.7955
1.171	1.286	0.182	1.207	0.199	2.285	2.185	1.311	2.298	0.191	1.297	0.173		1.14875
0.293	1.299	0.187	1.291	2.27	2.301	0.192	2.28	3.321	1.22	0.194	0.188		1.253
0.195	0.179	0.182	3.21	0.203	1.279	0.201	0.186	0.161	1.285	2.211	1.314		0.883833333
2.207	0.17	0.18	0.2	2.318	1.194	4.299	0.212	2.289	1.206	1.306	0.213		1.316166667
1.306	0.174	1.296	1.274	1.199	0.182	2.295	1.284	1.193	0.192	1.181	1.21		1.0655
2.214	1.286	0.183	0.206	0.188	0.17	0.203	4.306	1.261	1.202	0.209	0.203		0.96925
1.274	1.211	2.308	0.196	0.173	0.189	1.211	2.314	0.217	1.187	3.218	2.282		1.315
0.184	0.201	0.175	0.196	1.286	0.183	1.289	0.184	1.289	1.303	1.285	2.307		0.8235
2.313	1.307	1.203	0.188	2.202	0.16	0.171	1.296	1.208	1.287	0.185	0.19		0.975833333
1.336	2.191	0.194	2.294	1.253	1.292	1.288	1.186	0.207	1.174	2.206	1.171		1.316
1.198	1.271	1.284	0.198	0.193	0.198	1.199	0.219	2.303	0.172	2.289	0.181		0.892083333
0.191	1.185	0.182	0.182	1.18	1.192	1.17	0.188	0.19	0.194	0.278	1.275		0.61725
0.186	1.189	0.183	0.198	1.295	0.283	1.288	0.191	3.29	2.29	1.2	1.307		1.075
1.206	0.172	1.16	1.272	0.185	1.201	2.223	0.178	0.176	1.29	1.288	0.206		0.87975
1.288	1.177	0.199	1.166	1.199	1.179	0.204	0.182	4.334	0.189	3.311	0.197		1.21875
0.182	1.309	1.213	0.167	1.288	1.207	2.313	0.204	0.184	1.164	1.274	0.165		0.889166667
0.171	1.218	0.169	0.167	0.181	0.19	1.187	1.252	0.154	0.194	0.195	1.169		0.520583333
3.298	2.297	0.172	0.2	1.207	0.203	3.292	2.209	2.31	2.303	1.2	0.191		1.5735
0.181	2.308	0.177	2.294	1.304	2.285	0.188	0.262	0.182	0.211	1.22	2.323		1.077916667
0.162	0.183	2.324	3.297	1.199	0.208	0.184	0.178	0.198	0.187	1.265	1.21		0.882916667
1.175	0.193	1.201	1.288	0.189	1.28	0.203	2.301	0.201	0.213	1.187	2.278		0.97575
0.181	1.296	0.199	0.2	0.181	0.206	2.311	1.297	1.179	1.291	0.181	1.288		0.8175
0.173	0.179	1.275	1.292	0.186	2.205	1.279	0.183	0.191	0.209	0.196	3.194		0.880166667
1.29	2.185	0.177	0.183	1.305	0.209	0.184	0.184	2.294	0.199	1.307	0.167		0.807
2.303	2.29	0.179	0.187	1.276	2.293	0.17	1.216	2.309	0.181	0.168	0.153		1.060416667
1.311	2.307	1.211	2.175	0.2	1.301	1.211	0.19	0.176	0.177	2.2	0.186		1.05375
1.289	0.208	1.194	3.308	1.228	0.198	0.168	2.29	0.162	0.209	0.179	0.2		0.886083333
2.283	0.187	1.209	2.299	1.196	2.209	0.193	3.288	0.187	0.181	1.272	1.294		1.3165
2.293	1.277	1.295	0.184	2.288	1.288	0.201	1.281	0.177	0.188	0.176	1.221		0.989083333
3.284	0.165	0.184	1.264	0.218	3.193	0.192	3.31	3.299	2.213	0.168	0.195		1.47375
2.213	4.2	1.2	1.209	0.182	0.178	0.194	1.285	0.171	2.305	1.174	0.191		1.2085
0.201	1.319	1.288	0.17	0.17	0.169	1.194	0.177	0.228	0.198	2.176	1.303		0.716083333
0.176	2.29	0.21	0.177	1.199	3.302	0.181	1.177	0.181	1.207	3.317	1.205		1.2185
0.192	0.177	0.182	1.295	0.196	0.182	3.28	0.198	0.175	0.203	1.283	1.259		0.7185
3.303	1.181	0.183	1.193	0.2	0.218	0.215	1.178	1.312	0.186	0.2	1.186		0.879583333
0.171	2.295	0.198	0.197	1.206	0.173	0.204	1.2	2.213	0.197	0.19	2.2		0.870333333
0.201	1.277	0.195	2.203	2.293	0.21	0.169	1.177	3.301	0.192	1.305	0.189		1.059333333
2.288	2.199	2.202	1.309	0.2	0.214	1.189	0.291	4.322	2.301	1.191	1.269		1.58125
0.194	0.204	0.202	0.198	0.192	0.173	2.275	2.18	1.193	0.195	0.191	0.19		0.615583333
1.31	0.19	2.309	2.267	3.308	2.323	3.312	0.202	0.186	1.303	0.192	0.201		1.42525
2.187	0.278	0.174	1.285	1.172	2.19	0.198	2.318	1.292	0.198	0.18	0.192		0.972
3.293	2.22	1.256	0.193	1.289	3.302	2.283	1.197	1.22	5.322	0.18	1.29		1.920416667
1.283	2.222	1.198	0.172	2.241	0.19	0.21	0.196	0.209	1.308	1.285	0.179		0.891083333
0.205	0.189	1.186	0.167	2.318	1.279	0.203	3.302	1.277	0.192	0.187	1.193		0.974833333
3.305	2.333	1.286	2.206	0.191	0.17	2.217	0.215	2.21	1.213	0.171	0.298		1.317916667
1.174	0.181	0.212	0.195	1.205	0.208	0.299	1.29	0.192	1.192	2.205	1.197		0.795833333
