0.191	0.21	1.218	1.215	0.226	0.228	1.238			0.646571429
0.119	2.148	2.275	0.129	1.232	0.126	1.11			1.019857143
0.144	0.133	0.152	1.146	0.152	1.138	2.152			0.716714286
2.175	1.258	2.179	0.136	0.151	0.171	0.268			0.905428571
1.271	1.254	0.173	0.169	2.201	0.169	1.193			0.918571429
1.194	0.179	1.251	1.319	0.276	2.214	2.292			1.246428571
3.313	0.204	1.205	2.3	1.191	0.201	1.21			1.374857143
1.312	0.223	0.212	2.313	2.304	0.228	0.214			0.972285714
1.25	0.234	2.241	0.214	0.236	3.316	1.31			1.257285714
1.35	3.362	0.25	1.32	0.207	2.242	1.237			1.424
1.262	2.366	2.37	1.252	1.342	3.393	0.26			1.749285714
0.277	0.235	0.228	2.29	1.271	0.288	0.252			0.691571429
0.267	3.405	0.262	3.421	2.374	2.406	0.301			1.776571429
2.382	0.288	1.296	0.303	0.275	3.392	0.286			1.174571429
2.381	0.3	0.306	3.404	0.31	0.299	1.287			1.183857143
0.3	1.405	2.381	0.308	0.32	0.331	1.405			0.921428571
2.42	1.411	0.325	0.332	0.303	0.318	0.328			0.776714286
1.327	0.322	1.321	1.322	0.352	0.333	0.346			0.760428571
0.316	0.341	2.469	2.448	1.425	0.331	0.349			1.097
0.335	1.37	3.47	0.373	2.386	1.47	0.345			1.392714286
1.489	1.455	0.349	0.351	0.405	0.35	0.39			0.684142857
1.404	0.39	0.387	1.479	0.372	1.47	0.369			0.838714286
0.371	1.415	0.371	1.418	0.381	0.374	0.365			0.670714286
2.486	0.376	3.5	2.505	0.344	1.393	2.477			1.868714286
2.483	1.508	0.395	0.389	0.403	0.394	0.428			0.857142857
0.388	0.398	0.406	0.378	2.503	1.468	1.411			0.993142857
1.502	0.416	0.431	1.501	3.512	1.427	1.397			1.455142857
0.445	2.513	2.512	0.419	0.512	1.407	0.411			1.174142857
1.518	0.426	1.487	1.491	2.432	3.544	0.435			1.619
1.442	1.511	0.408	0.423	1.549	0.455	0.454			0.891714286
1.452	0.432	0.428	0.421	0.464	1.547	1.537			0.897285714
0.437	0.431	0.457	0.426	1.449	0.452	0.443			0.585
0.458	0.442	1.563	0.451	0.489	1.447	1.441			0.898714286
1.588	1.48	0.43	1.577	2.452	1.56	0.454			1.363
0.452	0.458	2.563	1.585	1.462	0.448	1.469			1.205285714
0.458	1.564	0.454	2.573	0.438	1.501	2.57			1.365428571
2.463	1.494	0.459	0.471	1.596	0.474	1.591			1.221142857
1.61	0.461	0.485	2.61	3.585	0.476	1.595			1.546
1.596	0.477	0.507	0.473	1.591	2.607	0.48			1.104428571
1.49	2.604	1.461	1.498	0.505	2.592	1.504			1.664857143
1.602	1.504	1.619	0.502	1.506	0.496	1.502			1.247285714
1.506	1.624	1.502	1.604	0.514	0.519	0.516			1.112142857
0.525	2.623	0.499	0.547	0.495	0.543	0.51			0.820285714
0.548	0.512	1.61	1.527	1.605	1.508	1.615			1.275
0.529	2.668	2.657	0.548	1.501	0.538	1.605			1.435142857
0.545	1.523	0.509	0.513	1.658	0.525	0.528			0.828714286
0.513	0.613	0.532	0.648	1.644	1.619	1.651			1.031428571
1.643	1.54	0.538	0.554	0.56	0.545	0.55			0.847142857
0.535	1.56	2.662	0.523	0.563	1.548	1.538			1.275571429
0.558	2.65	1.651	0.544	0.566	2.648	0.548			1.309285714
1.653	0.548	1.662	1.54	0.535	0.526	1.649			1.159
0.544	1.667	0.551	0.558	0.573	0.576	0.544			0.716142857
1.574	0.596	1.672	0.567	0.583	1.643	0.546			1.025857143
1.585	2.679	1.565	0.556	0.554	0.554	2.634			1.446714286
1.671	0.599	2.663	1.67	0.556	0.569	1.685			1.344714286
0.577	0.566	1.671	1.655	2.665	1.663	1.577			1.482
0.615	0.568	0.567	0.581	0.58	0.571	0.684			0.595142857
2.673	0.582	0.577	1.59	0.564	1.688	1.601			1.325
0.602	1.696	1.586	3.693	1.694	1.675	1.701			1.806714286
0.613	1.669	0.679	0.581	0.586	1.609	0.589			0.903714286
1.71	0.589	0.599	1.703	0.597	1.688	1.697			1.226142857
2.688	1.603	1.596	1.587	0.613	0.588	0.59			1.323571429
1.706	1.695	1.624	1.717	1.694	3.711	1.693			1.977142857
0.604	0.624	3.72	0.606	0.613	1.718	0.614			1.214142857
1.621	1.594	0.608	0.617	1.624	1.612	0.621			1.185285714
0.592	2.731	0.625	1.72	2.725	0.591	0.607			1.370142857
0.612	0.612	0.626	1.708	0.628	1.724	0.626			0.933714286
1.727	0.605	1.733	1.621	2.733	2.737	0.645			1.685857143
0.617	2.712	0.626	1.745	1.728	2.743	0.651			1.546
1.719	0.612	1.618	0.633	1.627	0.637	1.655			1.214428571
0.642	1.731	1.735	1.744	0.637	0.63	1.723			1.263142857
2.733	2.73	0.626	1.733	0.635	0.622	1.735			1.544857143
0.634	0.632	0.718	0.637	0.633	1.725	0.643			0.803142857
0.632	1.751	1.665	2.658	0.656	0.613	1.742			1.388142857
1.748	0.636	2.74	1.752	1.719	1.716	1.652			1.709
0.65	0.643	2.737	0.649	1.659	2.756	2.765			1.694142857
0.673	0.651	0.652	1.725	2.777	2.762	0.633			1.410428571
1.646	0.66	1.776	1.655	0.674	0.647	0.666			1.103428571
0.656	1.649	1.744	0.652	0.637	1.762	0.769			1.124142857
0.666	1.762	1.683	0.674	0.69	1.762	1.644			1.268714286
1.787	0.67	1.758	1.749	2.66	1.641	0.637			1.557428571
0.697	0.66	0.657	0.643	1.774	0.663	1.78			0.982
0.672	0.674	0.677	0.678	0.688	0.656	1.773			0.831142857
0.668	0.653	1.742	1.769	0.788	1.767	0.656			1.149
0.661	1.77	0.656	0.673	0.686	0.664	0.669			0.825571429
0.692	0.685	0.672	0.674	1.671	0.676	1.774			0.977714286
1.788	0.687	0.677	0.65	0.705	0.673	0.679			0.837
0.662	0.684	0.658	0.67	1.761	0.666	0.682			0.826142857
0.682	0.656	2.803	0.677	0.68	0.688	1.694			1.125714286
2.674	1.814	0.686	1.802	1.717	1.791	0.689			1.596142857
0.785	1.683	0.673	0.681	1.763	0.682	1.773			1.148571429
0.679	1.788	0.682	1.686	1.679	0.677	0.677			1.124
1.678	0.696	0.693	0.712	1.769	0.676	1.697			1.131571429
0.707	0.694	0.688	1.801	0.687	0.694	0.705			0.853714286
0.704	0.704	0.678	0.697	0.724	0.685	0.695			0.698142857
0.696	1.82	0.693	0.7	0.707	1.681	0.671			0.995428571
1.821	0.707	1.823	0.724	1.797	0.788	1.789			1.349857143
1.801	0.687	0.709	2.798	0.704	1.709	0.712			1.302857143
0.697	1.817	0.716	0.703	0.712	1.802	0.697			1.020571429
0.696	0.714	0.703	0.709	0.719	1.798	0.703			0.863142857
0.722	1.794	0.711	0.726	0.719	0.708	1.803			1.026142857
1.696	0.701	0.709	0.691	0.72	0.699	0.719			0.847857143
0.714	0.726	1.814	0.696	0.691	1.833	0.733			1.029571429
1.804	0.69	0.715	1.718	0.728	0.716	1.809			1.168571429
0.717	0.713	0.732	0.716	1.812	1.742	1.8			1.176
0.709	0.733	0.711	1.826	0.735	1.834	0.727			1.039285714
0.73	0.723	0.707	0.736	0.718	0.727	0.717			0.722571429
0.731	0.729	0.705	1.816	0.723	1.818	0.725			1.035285714
2.809	0.716	0.707	0.712	0.733	0.74	0.718			1.019285714
0.72	0.729	0.742	1.836	1.846	0.712	0.727			1.044571429
0.727	0.703	1.81	0.714	0.741	0.727	2.842			1.180571429
0.691	1.822	0.706	0.736	0.74	0.721	0.738			0.879142857
0.732	1.721	0.713	1.838	0.762	0.718	0.738			1.031714286
1.864	1.825	0.742	0.724	0.743	0.744	0.712			1.050571429
2.836	0.729	0.741	0.753	2.853	0.706	0.72			1.334
0.734	1.831	1.833	0.723	1.825	0.713	1.825			1.354857143
0.835	0.72	1.838	0.724	0.757	0.714	0.733			0.903
1.754	2.833	2.837	0.738	0.735	0.738	1.836			1.638714286
0.758	0.758	0.727	0.743	1.815	0.737	0.732			0.895714286
1.839	2.853	0.75	0.731	0.738	0.753	1.836			1.357142857
0.742	0.748	1.856	1.849	0.753	0.745	0.749			1.063142857
0.743	0.715	0.74	0.728	0.75	0.753	1.837			0.895142857
0.771	0.733	0.76	0.767	0.751	0.745	2.835			1.051714286
0.741	0.75	0.746	1.862	0.733	0.751	1.728			1.044428571
0.748	1.848	1.845	1.856	1.82	0.735	1.861			1.530428571
0.759	0.743	0.741	0.724	0.744	1.836	1.83			1.053857143
0.768	1.848	0.748	0.763	0.756	1.853	0.747			1.069
0.757	0.735	1.832	0.75	0.763	0.751	1.735			1.046142857
0.759	0.754	0.755	0.762	0.753	0.74	0.751			0.753428571
1.861	0.751	1.76	0.765	0.748	0.754	0.759			1.056857143
1.863	0.763	0.752	0.744	0.753	0.76	0.765			0.914285714
0.737	0.749	1.857	0.751	0.764	0.747	0.748			0.907571429
0.748	1.829	0.76	0.751	0.755	1.852	0.76			1.065
0.759	0.745	0.742	0.772	0.771	0.752	1.875			0.916571429
0.774	1.761	0.76	0.757	0.759	0.773	1.863			1.063857143
1.86	0.774	0.748	0.747	0.75	0.773	0.777			0.918428571
1.861	0.76	0.749	0.772	0.775	0.764	1.868			1.078428571
0.748	0.774	0.789	0.746	1.863	0.781	0.772			0.924714286
0.752	1.854	0.76	0.759	0.775	2.85	1.87			1.374285714
0.757	0.789	0.763	0.745	2.866	0.761	0.755			1.062285714
0.773	1.878	0.758	0.768	0.775	1.865	1.778			1.227857143
1.768	0.793	0.757	1.877	0.763	0.753	1.849			1.222857143
0.761	0.77	0.771	0.772	1.87	0.751	0.753			0.921142857
1.895	0.765	0.789	0.788	0.774	0.779	0.782			0.938857143
0.779	1.863	0.747	0.77	0.771	0.768	0.76			0.922571429
0.781	0.768	0.778	0.76	0.76	1.9	0.752			0.928428571
0.777	0.774	0.792	0.782	0.761	1.766	0.784			0.919428571
0.766	1.868	1.868	0.753	0.746	0.78	0.789			1.081428571
1.88	0.788	1.882	0.77	0.789	1.879	0.766			1.250571429
1.876	0.777	1.861	1.886	1.873	0.788	0.786			1.406714286
0.794	0.767	0.771	1.85	0.76	0.79	0.766			0.928285714
0.773	0.779	0.751	1.871	0.778	0.772	0.762			0.926571429
0.781	1.883	0.79	0.78	1.775	1.898	0.79			1.242428571
0.784	0.775	0.762	0.766	0.874	0.773	0.788			0.788857143
0.784	0.781	0.769	0.782	0.773	0.812	0.787			0.784
0.802	0.784	0.775	0.779	1.794	0.788	0.793			0.930714286
1.883	0.788	0.778	1.894	0.789	0.804	1.902			1.262571429
0.777	0.805	0.793	0.769	0.807	0.802	0.783			0.790857143
0.782	0.804	0.756	2.896	0.774	0.777	0.791			1.082857143
1.788	0.779	0.787	0.783	0.798	1.889	0.786			1.087142857
0.771	0.788	1.884	0.795	0.794	1.892	0.792			1.102285714
0.811	0.785	0.79	0.778	0.768	0.786	0.782			0.785714286
0.772	1.898	0.802	1.891	0.771	1.882	0.786			1.257428571
1.893	0.781	0.799	0.774	0.807	0.798	0.783			0.947857143
0.783	0.794	0.792	0.78	0.787	1.897	0.791			0.946285714
0.796	0.795	0.773	0.796	0.89	1.791	0.793			0.947714286
0.804	1.884	0.797	0.793	0.797	0.796	0.883			0.964857143
1.91	0.806	0.795	0.786	0.8	0.908	0.802			0.972428571
0.78	0.799	0.792	0.787	0.791	0.811	0.768			0.789714286
0.806	0.791	0.828	0.807	0.79	0.805	0.782			0.801285714
0.804	0.793	0.8	0.8	0.783	0.793	1.791			0.937714286
0.807	0.794	0.811	0.788	0.797	1.801	1.903			1.100142857
0.786	0.784	0.814	0.788	0.797	0.801	0.8			0.795714286
0.814	0.791	0.799	0.778	0.809	1.907	0.791			0.955571429
0.786	0.804	0.803	0.788	0.819	0.802	0.824			0.803714286
0.799	0.802	0.8	0.794	0.805	0.797	1.893			0.955714286
0.799	0.813	0.902	0.799	0.802	0.802	0.801			0.816857143
0.803	0.79	0.808	0.807	1.8	0.804	0.799			0.944428571
0.795	0.811	0.778	0.792	0.789	0.82	0.803			0.798285714
0.806	0.804	0.782	0.813	0.789	0.798	0.795			0.798142857
0.804	0.811	0.806	0.796	1.92	0.8	1.896			1.119
0.801	0.805	0.806	0.806	0.798	0.805	0.801			0.803142857
0.812	0.794	0.808	0.801	0.822	0.802	0.834			0.810428571
0.804	0.799	0.803	0.802	0.802	0.799	0.805			0.802
0.807	0.809	0.814	0.82	0.779	0.809	0.802			0.805714286
0.809	0.805	0.804	0.815	0.813	0.802	0.813			0.808714286
0.806	0.806	1.804	0.806	1.797	0.799	0.8			1.088285714
0.898	0.824	0.814	0.818	0.818	0.804	0.816			0.827428571
0.799	0.801	0.798	0.827	0.804	0.829	0.801			0.808428571
0.808	0.8	0.818	0.817	0.814	0.808	0.792			0.808142857
0.798	0.827	0.817	0.808	0.811	0.804	1.899			0.966285714
0.8	0.915	0.812	0.81	0.915	0.818	0.817			0.841
0.814	0.815	0.822	0.812	0.789	0.81	0.804			0.809428571
0.82	0.802	0.812	0.791	0.831	0.818	0.812			0.812285714
0.812	0.821	0.828	0.811	0.815	0.81	0.805			0.814571429
0.817	0.819	0.81	0.815	0.829	0.806	1.916			0.973142857
0.817	0.799	0.811	0.792	0.811	0.811	0.809			0.807142857
0.809	0.827	0.812	0.813	0.819	0.827	0.8			0.815285714
0.815	1.825	0.815	0.807	0.808	0.827	0.81			0.958142857
0.821	0.82	0.812	1.926	1.812	0.815	0.809			1.116428571
0.812	0.817	0.82	0.813	0.824	0.802	0.814			0.814571429
0.823	0.806	0.826	0.829	0.817	0.815	1.912			0.975428571
0.82	0.819	0.831	0.819	0.821	0.816	0.833			0.822714286
0.822	0.82	0.809	0.816	0.815	0.823	0.824			0.818428571
0.809	0.825	0.831	0.802	1.915	0.806	0.828			0.973714286
0.822	0.813	0.81	0.808	1.933	0.82	0.834			0.977142857
0.81	1.918	0.816	0.813	0.83	0.904	0.814			0.986428571
0.803	0.828	0.825	0.827	0.825	0.825	1.914			0.978142857
0.82	0.828	0.919	0.91	0.835	0.816	0.808			0.848
0.809	0.808	0.821	0.81	0.823	1.83	0.814			0.959285714
0.831	0.827	0.834	0.827	0.829	0.83	0.811			0.827
0.83	0.826	0.812	0.816	0.831	0.827	0.827			0.824142857
1.924	0.818	0.812	0.822	0.821	0.922	0.834			0.993285714
0.833	0.806	1.844	0.827	0.821	0.822	0.83			0.969
0.83	0.837	0.828	0.826	0.829	0.808	0.815			0.824714286
0.829	0.817	0.825	0.818	0.823	0.822	0.819			0.821857143
0.822	0.823	0.832	0.814	0.82	0.815	1.916			0.977428571
0.801	0.804	0.825	0.835	0.835	0.827	0.825			0.821714286
0.837	0.83	0.826	0.822	0.825	0.819	0.835			0.827714286
0.815	0.817	0.82	0.832	0.822	0.829	0.843			0.825428571
0.826	0.828	1.942	0.827	0.819	0.821	0.824			0.983857143
0.817	0.84	0.815	0.823	0.831	0.83	0.817			0.824714286
0.82	1.927	0.815	0.83	0.836	0.829	0.815			0.981714286
0.825	0.829	0.817	0.819	0.832	0.832	0.807			0.823
0.837	0.831	0.814	1.928	0.834	0.833	0.826			0.986142857
0.833	0.841	0.831	0.829	0.837	1.821	0.813			0.972142857
0.818	0.822	0.825	0.825	0.836	0.836	0.847			0.829857143
0.817	1.929	0.821	0.833	0.83	0.832	0.825			0.983857143
0.82	0.821	0.838	0.828	0.844	0.83	0.82			0.828714286
0.828	0.84	1.93	0.829	0.83	0.835	0.835			0.989571429
0.824	0.837	1.939	0.832	0.818	0.831	0.826			0.986714286
0.835	0.835	0.827	0.811	0.82	0.933	0.827			0.841142857
0.827	0.844	0.838	0.816	0.845	0.821	0.838			0.832714286
0.817	0.835	0.828	0.849	0.833	0.827	0.838			0.832428571
0.835	0.826	0.824	0.829	0.835	0.839	0.836			0.832
0.83	0.827	0.841	0.826	0.843	0.84	0.83			0.833857143
0.835	0.85	0.836	0.838	0.838	0.836	0.834			0.838142857
0.824	0.832	0.828	0.851	0.933	0.842	0.83			0.848571429
0.832	0.841	0.832	0.828	0.826	0.837	0.832			0.832571429
0.835	0.828	0.847	0.835	0.829	0.844	0.84			0.836857143
0.822	0.829	0.832	0.838	0.833	0.831	0.842			0.832428571
0.832	0.843	0.827	0.826	0.829	0.848	0.835			0.834285714
0.83	0.829	0.849	0.833	0.838	0.832	0.847			0.836857143
1.926	0.845	0.838	0.837	0.823	0.826	0.825			0.988571429
0.837	0.825	0.849	0.843	0.849	0.818	0.952			0.853285714
0.841	0.846	1.931	0.826	0.831	1.845	0.832			1.136
0.843	0.836	0.833	0.83	0.841	0.847	0.836			0.838
0.837	0.839	0.824	0.838	0.828	0.845	0.817			0.832571429
0.85	0.844	0.813	0.844	0.826	0.83	0.844			0.835857143
0.828	0.824	0.834	0.839	0.845	0.842	0.855			0.838142857
0.827	0.84	0.85	0.834	0.856	0.95	0.85			0.858142857
0.833	0.922	0.831	0.84	0.83	0.838	0.841			0.847857143
0.845	0.846	0.843	0.839	0.833	0.838	0.828			0.838857143
0.846	0.822	0.834	0.843	0.844	0.848	0.838			0.839285714
0.834	0.849	0.82	0.847	0.832	0.825	0.831			0.834
0.837	0.844	0.845	0.844	0.833	0.842	0.844			0.841285714
0.848	0.837	0.834	0.829	0.843	0.835	0.822			0.835428571
0.841	0.84	0.849	0.843	0.831	0.841	0.849			0.842
0.844	0.85	0.836	0.836	0.818	0.842	0.865			0.841571429
0.845	0.846	0.839	0.844	0.853	0.839	0.846			0.844571429
0.842	0.851	0.842	0.853	0.836	0.848	0.849			0.845857143
0.847	0.842	0.853	0.845	0.832	0.847	0.83			0.842285714
0.849	0.837	0.836	0.846	0.841	1.952	0.84			1.000142857
0.839	0.846	0.833	0.841	0.836	0.832	0.842			0.838428571
0.841	0.838	0.835	0.846	0.847	0.838	0.843			0.841142857
0.844	0.844	0.842	0.856	0.842	0.841	0.834			0.843285714
0.844	0.845	0.847	0.945	0.85	0.842	0.835			0.858285714
0.844	0.851	0.844	0.84	0.842	0.842	0.851			0.844857143
0.846	0.844	0.845	0.835	0.849	0.848	0.846			0.844714286
0.841	0.84	0.853	0.853	0.851	0.846	0.838			0.846
0.829	0.835	0.847	0.854	0.85	0.847	0.846			0.844
0.942	0.85	0.833	0.83	0.858	0.849	0.84			0.857428571
0.866	0.84	0.855	0.821	0.857	0.856	0.851			0.849428571
1.836	0.854	1.936	0.842	0.85	0.845	0.84			1.143285714
0.854	0.843	0.856	0.856	0.846	0.854	0.849			0.851142857
0.839	0.844	0.849	0.849	0.844	0.841	0.851			0.845285714
0.844	0.841	0.842	0.841	0.853	0.847	0.83			0.842571429
0.842	0.848	0.854	0.844	0.844	0.838	0.854			0.846285714
0.846	0.847	0.837	0.856	0.843	0.859	0.854			0.848857143
0.853	0.851	0.842	0.855	0.858	0.846	0.847			0.850285714
0.947	0.847	0.849	0.849	0.84	0.853	0.849			0.862
0.846	0.857	0.846	0.84	0.839	1.954	0.857			1.005571429
0.847	0.84	0.859	0.852	0.851	0.857	0.854			0.851428571
0.847	0.85	0.846	0.845	0.847	0.841	0.84			0.845142857
0.843	0.848	0.845	0.846	0.846	0.854	0.855			0.848142857
0.843	0.849	0.851	0.853	0.864	0.84	0.849			0.849857143
0.845	0.848	0.854	0.836	0.845	0.849	0.847			0.846285714
0.843	0.846	0.859	0.86	0.857	0.853	0.855			0.853285714
0.844	0.848	0.84	0.863	0.948	0.835	0.846			0.860571429
0.851	0.846	0.841	0.855	0.843	0.837	0.845			0.845428571
0.85	0.859	0.849	0.849	0.853	0.847	0.852			0.851285714
0.857	0.849	0.858	0.846	0.84	0.857	1.954			1.008714286
0.856	0.851	0.855	0.86	0.839	0.862	0.855			0.854
0.858	0.847	0.948	0.848	0.85	0.859	0.863			0.867571429
0.849	0.851	0.83	0.855	0.856	0.858	0.847			0.849428571
0.856	0.848	0.852	0.857	0.856	0.859	0.856			0.854857143
0.856	0.845	0.849	0.844	0.847	0.855	0.858			0.850571429
0.855	0.857	0.854	1.961	0.855	0.851	0.85			1.011857143
0.837	0.844	0.847	0.846	0.859	0.855	0.85			0.848285714
0.851	0.85	0.849	0.855	0.852	0.861	0.95			0.866857143
0.862	0.852	0.847	0.864	0.855	0.854	0.859			0.856142857
0.848	0.851	0.85	0.854	0.843	0.86	0.86			0.852285714
0.849	0.95	0.85	0.856	0.845	0.849	0.852			0.864428571
0.865	0.849	0.856	0.843	0.855	0.863	0.838			0.852714286
0.838	0.842	0.847	0.854	0.86	0.851	0.858			0.85
0.854	0.855	0.861	0.859	0.857	0.86	0.854			0.857142857
0.85	0.846	0.848	0.848	0.864	0.859	0.86			0.853571429
0.857	0.85	0.848	0.855	0.85	0.858	0.846			0.852
0.85	0.865	0.86	0.848	0.855	0.862	0.857			0.856714286
0.857	0.852	0.848	0.86	0.849	0.858	0.862			0.855142857
0.849	0.849	0.858	0.855	0.862	0.853	0.857			0.854714286
0.857	0.861	0.854	0.869	0.852	0.865	0.86			0.859714286
0.861	0.863	0.844	0.855	0.858	0.847	0.869			0.856714286
0.844	0.838	0.85	0.853	0.858	0.855	0.856			0.850571429
0.865	0.861	0.848	0.866	0.864	0.841	0.854			0.857
0.855	0.858	0.863	0.859	0.855	0.868	0.843			0.857285714
0.862	0.857	0.844	0.863	0.856	0.863	0.853			0.856857143
0.86	0.869	0.862	0.854	0.858	0.855	0.853			0.858714286
0.843	0.861	0.85	0.865	0.859	0.96	0.869			0.872428571
0.848	0.848	0.852	0.86	0.837	0.839	0.856			0.848571429
0.862	0.844	0.864	0.862	0.867	0.842	0.845			0.855142857
0.848	0.855	0.854	0.858	0.847	0.859	0.854			0.853571429
0.863	0.861	0.849	0.86	0.861	0.867	0.856			0.859571429
0.853	0.862	0.846	0.968	0.854	0.862	0.848			0.870428571
0.858	0.853	0.862	0.857	0.859	0.849	0.848			0.855142857
0.849	0.849	0.838	0.859	0.853	0.861	0.852			0.851571429
0.856	0.865	0.862	0.849	0.867	0.865	0.859			0.860428571
0.866	0.847	1.958	0.86	0.853	0.864	0.844			1.013142857
0.861	0.855	0.857	0.864	0.851	0.863	0.851			0.857428571
0.865	0.857	0.864	0.854	0.859	0.857	0.857			0.859
0.855	0.862	0.856	0.858	0.865	0.864	0.849			0.858428571
0.956	0.85	0.861	0.859	0.859	0.847	0.855			0.869571429
0.851	0.861	0.862	0.847	0.857	0.849	0.859			0.855142857
0.867	0.862	0.857	0.87	0.862	0.848	0.862			0.861142857
0.862	0.861	0.863	0.865	0.865	0.861	0.863			0.862857143
0.86	0.851	0.859	0.853	0.861	0.852	0.865			0.857285714
0.859	0.857	0.853	0.866	0.859	0.855	0.862			0.858714286
0.866	0.845	0.862	0.855	0.854	0.854	0.855			0.855857143
0.862	0.865	0.859	0.863	0.858	0.863	0.869			0.862714286
0.854	0.857	0.86	0.856	0.961	0.861	0.858			0.872428571
0.859	0.855	0.862	0.865	0.864	0.861	0.857			0.860428571
0.868	0.87	0.866	0.858	0.866	0.868	0.858			0.864857143
0.86	0.862	0.852	0.848	0.861	0.862	0.86			0.857857143
0.856	0.859	0.86	0.85	0.867	0.861	0.86			0.859
0.866	0.856	0.861	0.869	0.863	0.867	0.856			0.862571429
0.867	0.859	0.861	0.859	0.86	0.863	0.85			0.859857143
0.854	0.859	0.861	0.867	0.851	0.855	0.87			0.859571429
0.863	0.857	0.859	0.859	0.863	0.865	0.867			0.861857143
0.872	0.857	0.845	0.855	0.869	0.862	0.871			0.861571429
0.865	0.866	0.859	0.858	0.86	0.87	0.856			0.862
0.869	0.859	0.857	0.865	0.864	0.873	0.967			0.879142857
0.855	0.864	0.851	0.871	0.868	0.859	0.86			0.861142857
0.869	0.861	0.866	0.853	0.862	0.863	0.852			0.860857143
0.857	0.968	0.868	0.871	0.857	0.87	0.864			0.879285714
0.861	0.856	0.864	0.864	0.863	0.865	0.851			0.860571429
0.857	0.867	0.876	0.867	0.857	0.866	0.862			0.864571429
0.866	0.858	0.861	0.86	0.861	0.857	0.864			0.861
0.861	0.854	0.963	0.866	0.864	0.869	0.872			0.878428571
0.866	0.863	0.856	0.868	0.864	0.855	0.851			0.860428571
0.862	0.867	0.866	0.863	0.86	0.863	0.853			0.862
0.867	0.868	0.858	0.861	0.848	0.87	0.872			0.863428571
0.869	0.867	0.863	0.869	0.864	0.868	0.878			0.868285714
0.857	0.87	0.857	0.87	0.863	0.866	0.858			0.863
0.856	0.859	0.874	0.858	0.868	0.871	0.87			0.865142857
0.87	0.865	0.854	0.863	0.873	0.866	0.86			0.864428571
0.854	0.861	0.858	0.86	0.869	0.868	0.865			0.862142857
0.868	0.869	0.873	0.873	0.867	0.871	0.879			0.871428571
0.861	0.855	0.873	0.879	0.862	0.866	0.868			0.866285714
0.868	0.871	0.864	0.866	0.862	0.869	0.861			0.865857143
0.866	0.855	0.876	0.865	0.87	0.966	0.867			0.880714286
0.851	0.858	0.864	0.88	0.871	0.87	0.864			0.865428571
0.861	0.865	0.854	0.867	0.872	0.865	0.861			0.863571429
0.861	0.87	0.859	0.862	0.859	0.864	0.876			0.864428571
0.866	0.876	0.872	0.874	0.876	0.857	0.87			0.870142857
0.88	0.858	0.865	0.968	0.865	0.853	0.874			0.880428571
0.864	0.865	0.867	0.856	0.863	0.861	0.871			0.863857143
0.86	0.87	0.879	0.878	0.87	0.859	0.867			0.869
0.868	0.866	0.868	0.865	0.863	0.86	0.873			0.866142857
0.868	0.863	0.863	0.869	0.865	0.867	0.858			0.864714286
0.87	0.863	0.859	0.854	0.864	0.867	0.871			0.864
0.87	0.864	0.866	0.872	0.868	0.871	0.863			0.867714286
0.872	0.866	0.87	0.87	0.87	0.87	0.868			0.869428571
0.966	0.876	0.857	0.87	0.865	0.871	0.851			0.879428571
0.875	0.867	0.861	0.862	0.863	0.85	0.87			0.864
0.858	0.873	0.871	0.85	0.861	0.87	0.859			0.863142857
0.871	0.869	0.865	0.867	0.863	0.87	0.875			0.868571429
0.878	0.869	0.869	0.856	0.866	0.87	0.868			0.868
0.863	0.86	0.869	0.864	0.875	0.857	0.865			0.864714286
0.87	0.867	0.872	0.866	0.859	0.857	0.87			0.865857143
0.865	0.869	0.864	0.863	0.877	0.868	0.868			0.867714286
0.862	0.861	0.87	0.876	0.962	0.864	0.875			0.881428571
0.863	0.874	0.871	0.873	0.857	0.877	0.874			0.869857143
0.868	0.859	0.871	0.868	0.866	0.861	0.863			0.865142857
0.873	0.872	0.864	0.873	0.868	0.867	0.86			0.868142857
0.862	0.865	0.866	0.874	0.859	0.866	0.87			0.866
0.856	0.862	0.872	0.876	0.873	0.869	0.869			0.868142857
0.867	0.873	0.867	0.872	0.868	0.863	0.869			0.868428571
0.864	0.881	0.874	0.869	0.862	0.864	0.875			0.869857143
0.86	0.867	0.877	0.869	0.868	0.869	0.866			0.868
0.876	0.871	0.878	0.869	0.867	0.868	0.872			0.871571429
0.867	0.868	0.877	0.87	0.863	0.87	0.866			0.868714286
0.864	0.87	0.861	0.866	0.872	0.871	0.962			0.880857143
0.877	0.868	0.861	0.867	0.869	0.873	0.878			0.870428571
0.864	0.856	0.86	0.865	0.864	0.87	0.873			0.864571429
0.874	0.974	0.877	0.868	0.863	0.877	0.873			0.886571429
0.867	0.871	0.867	0.879	0.869	0.866	0.877			0.870857143
0.871	0.869	0.871	0.871	0.876	0.879	0.869			0.872285714
0.875	0.876	0.87	0.871	0.873	0.873	0.859			0.871
0.871	0.876	0.972	0.863	0.879	0.863	0.875			0.885571429
0.867	0.871	0.861	0.876	0.871	0.873	0.875			0.870571429
0.859	0.868	0.864	0.863	0.874	0.861	0.871			0.865714286
0.867	0.869	0.86	0.866	0.873	0.875	0.868			0.868285714
0.868	0.872	0.877	0.873	0.882	0.872	0.868			0.873142857
0.867	0.875	0.868	0.873	0.873	0.871	0.87			0.871
0.871	0.868	0.88	0.861	0.869	0.868	0.877			0.870571429
0.875	0.864	0.869	0.864	0.874	0.868	0.866			0.868571429
0.873	0.876	0.87	0.88	0.875	0.878	0.864			0.873714286
0.876	0.868	0.865	0.874	0.873	0.87	0.865			0.870142857
0.867	0.873	0.872	0.877	0.875	0.876	0.87			0.872857143
0.87	0.875	0.868	0.875	0.87	0.871	0.878			0.872428571
0.875	0.867	0.872	0.868	0.876	0.969	0.864			0.884428571
0.875	0.87	0.877	0.87	0.877	0.874	0.873			0.873714286
0.868	0.874	0.872	0.862	0.874	0.871	0.871			0.870285714
0.875	0.87	0.874	0.876	0.88	0.87	0.878			0.874714286
0.864	0.873	0.879	0.87	0.871	0.874	0.865			0.870857143
0.873	0.873	0.867	0.971	0.882	0.873	0.876			0.887857143
0.867	0.873	0.874	0.884	0.869	0.873	0.868			0.872571429
0.878	0.876	0.876	0.866	0.875	0.878	0.876			0.875
0.875	0.865	0.871	0.876	0.874	0.864	0.862			0.869571429
0.869	0.86	0.866	0.865	0.874	0.866	0.873			0.867571429
0.869	0.873	0.878	0.873	0.878	0.881	0.871			0.874714286
0.87	0.871	0.871	0.872	0.884	0.878	0.868			0.873428571
0.872	0.869	0.877	0.884	0.875	0.876	0.868			0.874428571
0.971	0.877	0.869	0.875	0.878	0.88	0.877			0.889571429
0.869	0.874	0.884	0.868	0.877	0.869	0.871			0.873142857
0.869	0.875	0.871	0.879	0.873	0.869	0.879			0.873571429
0.879	0.873	0.872	0.87	0.871	0.871	0.872			0.872571429
0.869	0.881	0.87	0.868	0.881	0.869	0.876			0.873428571
0.874	0.872	0.87	0.877	0.875	0.882	0.861			0.873
0.869	0.88	0.873	0.866	0.87	0.87	0.878			0.872285714
0.873	0.874	0.869	0.874	0.874	0.873	0.874			0.873
0.876	0.872	0.878	0.873	0.971	0.877	0.878			0.889285714
0.873	0.87	0.871	0.875	0.863	0.862	0.879			0.870428571
0.876	0.869	0.87	0.874	0.882	0.876	0.873			0.874285714
0.882	0.872	0.875	0.874	0.874	0.882	0.873			0.876
0.872	0.88	0.875	0.875	0.87	0.866	0.87			0.872571429
0.869	0.865	0.866	0.874	0.874	0.878	0.872			0.871142857
0.868	0.88	0.875	0.876	0.873	0.879	0.88			0.875857143
0.878	0.877	0.881	0.875	0.882	0.873	0.875			0.877285714
0.874	0.873	0.878	0.871	0.861	0.874	0.867			0.871142857
0.88	0.872	0.87	0.876	0.88	0.879	0.874			0.875857143
0.878	0.877	0.872	0.873	0.867	0.87	0.87			0.872428571
0.886	0.872	0.877	0.879	0.871	0.88	0.973			0.891142857
0.877	0.872	0.875	0.88	0.869	0.877	0.876			0.875142857
0.886	0.878	0.878	0.879	0.87	0.878	0.87			0.877
0.873	0.974	0.881	0.872	0.881	0.868	0.874			0.889
0.876	0.864	0.874	0.875	0.871	0.878	0.873			0.873
0.871	0.871	0.874	0.873	0.863	0.876	0.88			0.872571429
0.871	0.884	0.874	0.875	0.876	0.87	0.882			0.876
0.875	0.877	0.978	0.879	0.869	0.879	0.876			0.890428571
0.878	0.872	0.873	0.885	0.882	0.869	0.868			0.875285714
0.873	0.868	0.879	0.88	0.878	0.882	0.878			0.876857143
0.87	0.88	0.88	0.876	0.871	0.878	0.878			0.876142857
0.87	0.875	0.886	0.875	0.88	0.87	0.88			0.876571429
0.872	0.872	0.894	0.874	0.872	0.883	0.883			0.878571429
0.873	0.878	0.877	0.878	0.883	0.872	0.873			0.876285714
0.88	0.869	0.87	0.873	0.876	0.884	0.876			0.875428571
0.876	0.876	0.875	0.882	0.877	0.873	0.883			0.877428571
0.873	0.874	0.879	0.877	0.873	0.862	0.873			0.873
0.871	0.871	0.879	0.875	0.874	0.878	0.875			0.874714286
0.871	0.882	0.88	0.879	0.874	0.876	0.883			0.877857143
0.884	0.87	0.879	0.874	0.884	0.975	0.876			0.891714286
0.876	0.874	0.873	0.879	0.877	0.877	0.878			0.876285714
0.872	0.88	0.872	0.87	0.876	0.878	0.884			0.876
0.877	0.886	0.875	0.88	0.88	0.87	0.877			0.877857143
0.887	0.88	0.882	0.872	0.878	0.873	0.875			0.878142857
0.882	0.879	0.875	0.967	0.882	0.884	0.878			0.892428571
0.876	0.873	0.873	0.868	0.875	0.881	0.869			0.873571429
0.878	0.885	0.882	0.876	0.874	0.877	0.876			0.878285714
0.885	0.876	0.878	0.884	0.885	0.877	0.87			0.879285714
0.874	0.875	0.876	0.875	0.876	0.886	0.875			0.876714286
0.874	0.874	0.876	0.878	0.876	0.879	0.876			0.876142857
0.876	0.878	0.877	0.879	0.88	0.886	0.88			0.879428571
0.875	0.879	0.875	0.877	0.875	0.882	0.879			0.877428571
0.977	0.878	0.869	0.878	0.87	0.876	0.88			0.889714286
0.881	0.872	0.882	0.874	0.87	0.877	0.884			0.877142857
0.876	0.88	0.881	0.878	0.884	0.872	0.871			0.877428571
0.881	0.879	0.87	0.874	0.88	0.879	0.884			0.878142857
0.878	0.882	0.872	0.869	0.873	0.876	0.876			0.875142857
0.881	0.879	0.881	0.873	0.877	0.879	0.872			0.877428571
0.87	0.882	0.875	0.876	0.886	0.874	0.886			0.878428571
0.882	0.88	0.879	0.878	0.875	0.884	0.866			0.877714286
0.882	0.876	0.866	0.872	0.975	0.889	0.874			0.890571429
0.876	0.88	0.88	0.877	0.876	0.878	0.881			0.878285714
0.874	0.873	0.871	0.878	0.882	0.885	0.887			0.878571429
0.875	0.882	0.885	0.88	0.88	0.878	0.884			0.880571429
0.877	0.875	0.878	0.878	0.882	0.885	0.878			0.879
0.882	0.873	0.875	0.884	0.879	0.88	0.88			0.879
0.877	0.876	0.891	0.876	0.874	0.876	0.881			0.878714286
0.877	0.881	0.874	0.876	0.875	0.887	0.885			0.879285714
0.877	0.88	0.879	0.869	0.875	0.88	0.88			0.877142857
0.874	0.878	0.884	0.872	0.883	0.865	0.879			0.876428571
0.883	0.88	0.866	0.879	0.871	0.88	0.874			0.876142857
0.881	0.878	0.873	0.877	0.879	0.873	0.978			0.891285714
0.878	0.882	0.873	0.877	0.871	0.878	0.878			0.876714286
0.876	0.872	0.873	0.874	0.873	0.882	0.883			0.876142857
0.881	0.98	0.881	0.87	0.875	0.869	0.879			0.890714286
0.88	0.881	0.884	0.874	0.886	0.885	0.884			0.882
0.878	0.88	0.884	0.886	0.869	0.881	0.874			0.878857143
0.879	0.878	0.877	0.881	0.875	0.875	0.881			0.878
0.885	0.875	0.982	0.88	0.877	0.887	0.887			0.896142857
0.879	0.886	0.877	0.874	0.885	0.875	0.884			0.88
0.884	0.873	0.879	0.873	0.875	0.88	0.883			0.878142857
0.875	0.878	0.875	0.875	0.878	0.878	0.882			0.877285714
0.882	0.873	0.877	0.882	0.876	0.884	0.876			0.878571429
0.885	0.875	0.877	0.872	0.881	0.878	0.879			0.878142857
0.877	0.874	0.887	0.873	0.884	0.881	0.877			0.879
0.871	0.88	0.885	0.876	0.891	0.875	0.874			0.878857143
0.882	0.882	0.887	0.882	0.874	0.875	0.881			0.880428571
0.882	0.877	0.876	0.882	0.882	0.868	0.885			0.878857143
0.881	0.88	0.885	0.869	0.879	0.877	0.876			0.878142857
0.876	0.882	0.883	0.882	0.881	0.878	0.885			0.881
0.878	0.873	0.877	0.885	0.887	0.984	0.885			0.895571429
0.88	0.876	0.881	0.88	0.887	0.879	0.88			0.880428571
0.875	0.881	0.882	0.881	0.882	0.885	0.883			0.881285714
0.875	0.881	0.878	0.886	0.883	0.876	0.881			0.88
0.879	0.872	0.867	0.876	0.881	0.884	0.876			0.876428571
0.878	0.879	0.88	0.981	0.881	0.88	0.882			0.894428571
0.885	0.884	0.881	0.877	0.885	0.874	0.874			0.88
0.891	0.879	0.884	0.881	0.875	0.881	0.882			0.881857143
0.879	0.878	0.882	0.885	0.883	0.882	0.875			0.880571429
0.883	0.874	0.885	0.883	0.878	0.88	0.878			0.880142857
0.883	0.878	0.876	0.886	0.885	0.886	0.88			0.882
0.878	0.873	0.882	0.876	0.878	0.878	0.866			0.875857143
0.874	0.881	0.883	0.884	0.883	0.877	0.876			0.879714286
0.975	0.883	0.882	0.883	0.883	0.881	0.879			0.895142857
0.879	0.882	0.877	0.881	0.883	0.882	0.88			0.880571429
0.882	0.884	0.873	0.877	0.884	0.883	0.88			0.880428571
0.876	0.886	0.882	0.882	0.879	0.885	0.884			0.882
0.881	0.881	0.883	0.88	0.878	0.875	0.869			0.878142857
0.872	0.877	0.878	0.88	0.88	0.886	0.879			0.878857143
0.879	0.881	0.886	0.878	0.875	0.886	0.88			0.880714286
0.881	0.885	0.882	0.886	0.88	0.879	0.883			0.882285714
0.887	0.881	0.885	0.878	0.981	0.884	0.885			0.897285714
0.882	0.882	0.876	0.888	0.879	0.88	0.882			0.881285714
0.887	0.886	0.881	0.875	0.874	0.886	0.887			0.882285714
0.881	0.887	0.881	0.882	0.883	0.881	0.883			0.882571429
0.879	0.886	0.887	0.879	0.88	0.888	0.88			0.882714286
0.881	0.884	0.879	0.883	0.881	0.882	0.886			0.882285714
0.884	0.881	0.882	0.88	0.88	0.88	0.873			0.88
0.882	0.872	0.88	0.881	0.884	0.885	0.884			0.881142857
0.888	0.883	0.878	0.884	0.885	0.883	0.882			0.883285714
0.882	0.877	0.882	0.886	0.886	0.878	0.884			0.882142857
0.889	0.875	0.888	0.892	0.887	0.884	0.881			0.885142857
0.877	0.878	0.868	0.878	0.885	0.879	0.981			0.892285714
0.883	0.886	0.877	0.883	0.882	0.877	0.88			0.881142857
0.886	0.879	0.884	0.876	0.884	0.888	0.889			0.883714286
0.879	0.984	0.879	0.879	0.883	0.877	0.874			0.893571429
0.874	0.879	0.878	0.884	0.883	0.88	0.887			0.880714286
0.884	0.881	0.878	0.879	0.875	0.877	0.889			0.880428571
0.884	0.883	0.883	0.882	0.889	0.879	0.882			0.883142857
0.884	0.886	0.987	0.876	0.876	0.888	0.884			0.897285714
0.876	0.878	0.886	0.885	0.886	0.887	0.881			0.882714286
0.879	0.883	0.883	0.886	0.879	0.88	0.885			0.882142857
0.885	0.883	0.882	0.882	0.876	0.879	0.883			0.881428571
0.875	0.884	0.883	0.887	0.886	0.886	0.882			0.883285714
0.88	0.882	0.88	0.882	0.89	0.883	0.883			0.882857143
0.876	0.885	0.879	0.879	0.889	0.883	0.884			0.882142857
0.881	0.885	0.884	0.886	0.885	0.875	0.879			0.882142857
0.882	0.884	0.885	0.881	0.885	0.89	0.891			0.885428571
0.882	0.885	0.878	0.882	0.878	0.889	0.885			0.882714286
0.879	0.879	0.886	0.885	0.884	0.879	0.882			0.882
0.887	0.882	0.884	0.882	0.88	0.881	0.886			0.883142857
0.885	0.879	0.886	0.877	0.88	0.989	0.882			0.896857143
0.884	0.882	0.891	0.883	0.878	0.882	0.887			0.883857143
0.88	0.885	0.881	0.881	0.886	0.88	0.895			0.884
0.879	0.885	0.884	0.879	0.888	0.885	0.888			0.884
0.882	0.889	0.885	0.884	0.885	0.891	0.879			0.885
0.881	0.882	0.888	0.974	0.886	0.884	0.882			0.896714286
0.883	0.892	0.881	0.875	0.885	0.882	0.882			0.882857143
0.883	0.882	0.884	0.888	0.877	0.884	0.879			0.882428571
0.877	0.889	0.875	0.883	0.887	0.885	0.881			0.882428571
0.881	0.884	0.888	0.884	0.88	0.884	0.879			0.882857143
0.887	0.888	0.883	0.881	0.882	0.888	0.887			0.885142857
0.885	0.873	0.89	0.883	0.881	0.882	0.884			0.882571429
0.884	0.88	0.887	0.887	0.888	0.882	0.883			0.884428571
0.98	0.888	0.882	0.888	0.884	0.884	0.884			0.898571429
0.888	0.89	0.885	0.887	0.885	0.88	0.884			0.885571429
0.891	0.888	0.883	0.886	0.88	0.886	0.883			0.885285714
0.875	0.882	0.888	0.888	0.887	0.888	0.885			0.884714286
0.885	0.869	0.888	0.885	0.884	0.876	0.88			0.881
0.884	0.882	0.884	0.875	0.879	0.89	0.888			0.883142857
0.877	0.88	0.878	0.883	0.884	0.885	0.885			0.881714286
0.879	0.887	0.882	0.879	0.884	0.883	0.885			0.882714286
0.885	0.883	0.884	0.881	0.981	0.886	0.889			0.898428571
0.89	0.888	0.878	0.88	0.886	0.881	0.882			0.883571429
0.887	0.882	0.883	0.883	0.886	0.88	0.878			0.882714286
0.887	0.887	0.889	0.876	0.883	0.886	0.884			0.884571429
0.885	0.884	0.887	0.882	0.878	0.883	0.882			0.883
0.887	0.884	0.882	0.886	0.881	0.886	0.884			0.884285714
0.881	0.883	0.882	0.889	0.883	0.885	0.886			0.884142857
0.887	0.881	0.887	0.878	0.891	0.887	0.887			0.885428571
0.878	0.883	0.886	0.872	0.889	0.882	0.882			0.881714286
0.878	0.883	0.884	0.885	0.881	0.886	0.883			0.882857143
0.881	0.88	0.88	0.884	0.888	0.886	0.888			0.883857143
0.882	0.877	0.89	0.885	0.884	0.889	0.988			0.899285714
0.885	0.888	0.884	0.877	0.885	0.881	0.883			0.883285714
0.888	0.879	0.878	0.881	0.878	0.888	0.884			0.882285714
0.885	0.986	0.877	0.881	0.881	0.887	0.881			0.896857143
0.893	0.884	0.882	0.884	0.885	0.885	0.883			0.885142857
0.879	0.885	0.881	0.888	0.885	0.883	0.884			0.883571429
0.884	0.885	0.891	0.889	0.883	0.879	0.882			0.884714286
0.881	0.889	0.987	0.877	0.881	0.884	0.889			0.898285714
0.887	0.888	0.888	0.878	0.888	0.875	0.887			0.884428571
0.887	0.885	0.89	0.89	0.881	0.887	0.879			0.885571429
0.884	0.885	0.888	0.886	0.887	0.88	0.875			0.883571429
0.881	0.889	0.883	0.889	0.882	0.878	0.887			0.884142857
0.882	0.887	0.889	0.882	0.886	0.884	0.886			0.885142857
0.889	0.879	0.886	0.887	0.89	0.886	0.885			0.886
0.882	0.883	0.877	0.88	0.881	0.889	0.883			0.882142857
0.877	0.887	0.886	0.882	0.887	0.891	0.882			0.884571429
0.883	0.883	0.886	0.887	0.885	0.886	0.88			0.884285714
0.884	0.881	0.884	0.883	0.886	0.881	0.876			0.882142857
0.882	0.882	0.879	0.881	0.877	0.876	0.886			0.880428571
0.891	0.883	0.89	0.884	0.882	0.994	0.88			0.900571429
0.884	0.884	0.891	0.884	0.883	0.882	0.88			0.884
0.89	0.885	0.889	0.886	0.88	0.885	0.884			0.885571429
0.879	0.878	0.884	0.885	0.888	0.886	0.881			0.883
0.888	0.887	0.885	0.879	0.884	0.885	0.886			0.884857143
0.887	0.888	0.882	0.991	0.887	0.884	0.885			0.900571429
0.881	0.894	0.891	0.886	0.89	0.881	0.891			0.887714286
0.89	0.888	0.888	0.882	0.887	0.884	0.888			0.886714286
0.887	0.889	0.888	0.875	0.889	0.884	0.888			0.885714286
0.887	0.876	0.879	0.889	0.883	0.89	0.882			0.883714286
0.887	0.89	0.887	0.88	0.882	0.883	0.88			0.884142857
0.88	0.886	0.89	0.886	0.885	0.884	0.886			0.885285714
0.892	0.888	0.887	0.889	0.882	0.888	0.886			0.887428571
0.98	0.885	0.879	0.882	0.889	0.885	0.88			0.897142857
0.883	0.885	0.889	0.883	0.885	0.882	0.879			0.883714286
0.886	0.881	0.887	0.888	0.889	0.885	0.888			0.886285714
0.887	0.89	0.89	0.883	0.88	0.878	0.879			0.883857143
0.885	0.881	0.888	0.881	0.885	0.893	0.888			0.885857143
0.886	0.886	0.883	0.88	0.886	0.886	0.887			0.884857143
0.888	0.889	0.879	0.884	0.888	0.882	0.884			0.884857143
0.884	0.879	0.892	0.888	0.886	0.886	0.884			0.885571429
0.887	0.881	0.881	0.883	0.988	0.886	0.884			0.898571429
0.888	0.89	0.89	0.885	0.893	0.888	0.894			0.889714286
0.883	0.885	0.882	0.89	0.889	0.886	0.883			0.885428571
0.881	0.891	0.885	0.892	0.883	0.889	0.886			0.886714286
0.888	0.885	0.888	0.888	0.885	0.886	0.887			0.886714286
0.884	0.885	0.889	0.881	0.889	0.882	0.878			0.884
0.884	0.884	0.891	0.89	0.891	0.892	0.886			0.888285714
0.88	0.886	0.888	0.888	0.882	0.88	0.886			0.884285714
0.882	0.88	0.887	0.877	0.887	0.883	0.891			0.883857143
0.874	0.883	0.894	0.887	0.886	0.888	0.887			0.885571429
0.885	0.881	0.886	0.882	0.883	0.887	0.88			0.883428571
0.887	0.883	0.887	0.888	0.879	0.877	0.983			0.897714286
0.892	0.887	0.882	0.882	0.888	0.887	0.888			0.886571429
0.887	0.889	0.889	0.89	0.889	0.887	0.882			0.887571429
0.886	0.985	0.889	0.891	0.885	0.886	0.888			0.901428571
0.884	0.891	0.884	0.887	0.888	0.887	0.886			0.886714286
0.882	0.879	0.884	0.888	0.883	0.891	0.889			0.885142857
0.884	0.891	0.891	0.893	0.895	0.882	0.879			0.887857143
0.889	0.881	0.992	0.889	0.879	0.893	0.883			0.900857143
0.883	0.886	0.886	0.887	0.891	0.883	0.892			0.886857143
0.886	0.887	0.879	0.884	0.889	0.883	0.889			0.885285714
0.89	0.887	0.882	0.888	0.886	0.884	0.888			0.886428571
0.885	0.889	0.891	0.887	0.891	0.881	0.886			0.887142857
0.884	0.886	0.889	0.885	0.89	0.886	0.891			0.887285714
0.893	0.885	0.883	0.89	0.89	0.883	0.888			0.887428571
0.886	0.884	0.887	0.887	0.885	0.884	0.881			0.884857143
0.885	0.892	0.881	0.895	0.883	0.892	0.874			0.886
0.89	0.883	0.887	0.879	0.884	0.887	0.888			0.885428571
0.89	0.886	0.895	0.892	0.886	0.882	0.892			0.889
0.884	0.887	0.883	0.887	0.893	0.88	0.89			0.886285714
0.885	0.889	0.886	0.88	0.889	0.988	0.885			0.900285714
0.893	0.885	0.886	0.888	0.89	0.88	0.888			0.887142857
0.88	0.885	0.882	0.886	0.884	0.89	0.887			0.884857143
0.883	0.89	0.886	0.885	0.887	0.885	0.887			0.886142857
0.883	0.89	0.885	0.886	0.888	0.884	0.885			0.885857143
0.887	0.886	0.891	0.984	0.884	0.891	0.893			0.902285714
0.89	0.884	0.887	0.887	0.885	0.89	0.887			0.887142857
0.888	0.889	0.892	0.892	0.886	0.882	0.893			0.888857143
0.893	0.889	0.886	0.884	0.886	0.886	0.888			0.887428571
0.884	0.888	0.883	0.889	0.887	0.884	0.888			0.886142857
0.887	0.884	0.886	0.894	0.878	0.89	0.884			0.886142857
0.885	0.888	0.89	0.886	0.888	0.888	0.883			0.886857143
0.886	0.886	0.892	0.884	0.885	0.889	0.886			0.886857143
0.986	0.884	0.884	0.887	0.888	0.886	0.889			0.900571429
0.89	0.873	0.883	0.89	0.891	0.888	0.888			0.886142857
0.881	0.89	0.885	0.884	0.888	0.891	0.884			0.886142857
0.886	0.89	0.887	0.882	0.884	0.89	0.882			0.885857143
0.884	0.885	0.888	0.888	0.886	0.878	0.89			0.885571429
0.892	0.886	0.891	0.892	0.888	0.884	0.887			0.888571429
0.886	0.882	0.888	0.887	0.893	0.889	0.888			0.887571429
0.889	0.89	0.889	0.884	0.885	0.889	0.885			0.887285714
0.889	0.889	0.886	0.887	0.986	0.886	0.882			0.900714286
0.884	0.889	0.89	0.889	0.892	0.894	0.884			0.888857143
0.89	0.889	0.891	0.891	0.883	0.884	0.885			0.887571429
0.886	0.884	0.888	0.89	0.884	0.892	0.883			0.886714286
0.884	0.889	0.884	0.891	0.884	0.882	0.885			0.885571429
0.893	0.884	0.891	0.89	0.886	0.884	0.885			0.887571429
0.885	0.889	0.882	0.886	0.895	0.89	0.887			0.887714286
0.884	0.885	0.885	0.885	0.882	0.889	0.889			0.885571429
0.891	0.888	0.887	0.886	0.885	0.884	0.883			0.886285714
0.884	0.893	0.883	0.887	0.886	0.88	0.892			0.886428571
0.889	0.885	0.89	0.886	0.886	0.886	0.892			0.887714286
0.897	0.886	0.891	0.885	0.884	0.885	0.985			0.901857143
0.891	0.891	0.884	0.891	0.889	0.889	0.892			0.889571429
0.887	0.888	0.89	0.885	0.882	0.887	0.886			0.886428571
0.889	0.986	0.888	0.888	0.889	0.88	0.889			0.901285714
0.892	0.887	0.894	0.893	0.89	0.883	0.884			0.889
0.893	0.88	0.893	0.892	0.892	0.894	0.884			0.889714286
0.892	0.889	0.891	0.889	0.885	0.888	0.888			0.888857143
0.885	0.892	0.988	0.881	0.894	0.879	0.886			0.900714286
0.881	0.891	0.891	0.885	0.887	0.886	0.888			0.887
0.885	0.886	0.89	0.885	0.887	0.885	0.89			0.886857143
0.886	0.889	0.883	0.891	0.886	0.889	0.894			0.888285714
0.886	0.888	0.888	0.888	0.885	0.891	0.893			0.888428571
0.893	0.892	0.887	0.892	0.891	0.891	0.888			0.890571429
0.887	0.888	0.891	0.882	0.894	0.886	0.886			0.887714286
0.884	0.885	0.886	0.89	0.885	0.889	0.887			0.886571429
0.887	0.888	0.89	0.887	0.886	0.892	0.89			0.888571429
0.889	0.894	0.889	0.89	0.89	0.893	0.888			0.890428571
0.891	0.889	0.883	0.889	0.887	0.89	0.891			0.888571429
0.884	0.884	0.887	0.886	0.883	0.891	0.891			0.886571429
0.884	0.884	0.883	0.888	0.893	0.986	0.887			0.900714286
0.887	0.882	0.887	0.888	0.893	0.89	0.885			0.887428571
0.889	0.888	0.89	0.893	0.892	0.888	0.883			0.889
0.892	0.888	0.882	0.891	0.884	0.887	0.884			0.886857143
0.893	0.882	0.888	0.892	0.889	0.885	0.89			0.888428571
0.882	0.882	0.889	0.991	0.886	0.89	0.889			0.901285714
0.892	0.886	0.888	0.887	0.887	0.891	0.891			0.888857143
0.894	0.889	0.885	0.893	0.89	0.884	0.884			0.888428571
0.888	0.889	0.893	0.884	0.887	0.89	0.883			0.887714286
0.892	0.886	0.895	0.885	0.882	0.885	0.888			0.887571429
0.886	0.888	0.888	0.896	0.896	0.891	0.889			0.890571429
0.89	0.891	0.886	0.884	0.886	0.888	0.886			0.887285714
0.885	0.887	0.891	0.89	0.887	0.889	0.893			0.888857143
0.992	0.888	0.892	0.886	0.889	0.884	0.889			0.902857143
0.888	0.89	0.89	0.889	0.888	0.885	0.893			0.889
0.887	0.888	0.886	0.889	0.885	0.89	0.891			0.888
0.884	0.889	0.886	0.887	0.89	0.888	0.896			0.888571429
0.888	0.893	0.896	0.888	0.892	0.895	0.882			0.890571429
0.893	0.886	0.886	0.893	0.883	0.891	0.883			0.887857143
0.886	0.889	0.889	0.888	0.891	0.889	0.882			0.887714286
0.887	0.889	0.886	0.892	0.889	0.894	0.89			0.889571429
0.886	0.887	0.887	0.889	0.991	0.891	0.885			0.902285714
0.887	0.888	0.889	0.89	0.884	0.884	0.891			0.887571429
0.894	0.892	0.892	0.89	0.884	0.884	0.891			0.889571429
0.884	0.891	0.893	0.891	0.892	0.892	0.884			0.889571429
0.892	0.888	0.891	0.888	0.891	0.891	0.888			0.889857143
0.89	0.884	0.883	0.889	0.879	0.889	0.891			0.886428571
0.885	0.892	0.886	0.888	0.887	0.888	0.89			0.888
0.886	0.881	0.888	0.885	0.889	0.894	0.891			0.887714286
0.882	0.89	0.891	0.886	0.891	0.895	0.891			0.889428571
0.89	0.889	0.894	0.888	0.887	0.884	0.892			0.889142857
0.89	0.887	0.889	0.892	0.889	0.886	0.891			0.889142857
0.889	0.886	0.889	0.888	0.894	0.887	0.995			0.904
0.883	0.891	0.886	0.888	0.889	0.887	0.887			0.887285714
0.886	0.885	0.893	0.886	0.886	0.887	0.888			0.887285714
0.89	0.99	0.892	0.891	0.886	0.889	0.895			0.904714286
0.887	0.883	0.89	0.891	0.886	0.892	0.891			0.888571429
0.89	0.89	0.89	0.89	0.895	0.882	0.887			0.889142857
0.889	0.89	0.89	0.887	0.893	0.893	0.89			0.890285714
0.892	0.891	0.986	0.887	0.888	0.883	0.886			0.901857143
0.885	0.887	0.89	0.893	0.892	0.89	0.891			0.889714286
0.89	0.889	0.889	0.887	0.891	0.89	0.891			0.889571429
0.893	0.886	0.894	0.889	0.887	0.892	0.891			0.890285714
0.891	0.891	0.89	0.89	0.891	0.885	0.887			0.889285714
0.887	0.886	0.883	0.89	0.888	0.885	0.889			0.886857143
0.888	0.888	0.889	0.889	0.886	0.887	0.895			0.888857143
0.894	0.887	0.891	0.891	0.89	0.887	0.885			0.889285714
0.887	0.889	0.885	0.89	0.889	0.888	0.892			0.888571429
0.895	0.889	0.884	0.882	0.892	0.892	0.889			0.889
0.889	0.891	0.892	0.884	0.893	0.887	0.888			0.889142857
0.888	0.888	0.889	0.888	0.892	0.888	0.89			0.889
0.889	0.887	0.884	0.893	0.886	0.991	0.892			0.903142857
0.892	0.888	0.891	0.892	0.888	0.889	0.888			0.889714286
0.888	0.891	0.889	0.889	0.884	0.886	0.892			0.888428571
0.887	0.893	0.89	0.893	0.894	0.889	0.894			0.891428571
0.888	0.889	0.883	0.886	0.887	0.889	0.887			0.887
0.885	0.888	0.891	0.992	0.888	0.887	0.895			0.903714286
0.89	0.895	0.888	0.892	0.884	0.89	0.887			0.889428571
0.889	0.887	0.892	0.889	0.889	0.89	0.892			0.889714286
0.885	0.888	0.894	0.893	0.893	0.887	0.888			0.889714286
0.89	0.893	0.888	0.893	0.885	0.888	0.891			0.889714286
0.895	0.888	0.892	0.889	0.889	0.889	0.888			0.89
0.892	0.892	0.888	0.889	0.891	0.894	0.892			0.891142857
0.893	0.892	0.89	0.894	0.891	0.882	0.889			0.890142857
0.992	0.891	0.888	0.889	0.884	0.889	0.888			0.903
0.885	0.891	0.892	0.89	0.891	0.891	0.887			0.889571429
0.889	0.892	0.886	0.883	0.896	0.891	0.888			0.889285714
0.889	0.889	0.891	0.891	0.892	0.884	0.892			0.889714286
0.894	0.894	0.885	0.895	0.889	0.89	0.888			0.890714286
0.89	0.895	0.889	0.893	0.895	0.889	0.893			0.892
0.888	0.891	0.888	0.887	0.887	0.892	0.891			0.889142857
0.883	0.895	0.888	0.889	0.888	0.885	0.889			0.888142857
0.894	0.893	0.89	0.887	0.988	0.885	0.889			0.903714286
0.893	0.889	0.894	0.889	0.885	0.89	0.893			0.890428571
0.892	0.893	0.889	0.892	0.889	0.888	0.895			0.891142857
0.893	0.889	0.897	0.891	0.889	0.891	0.892			0.891714286
0.893	0.891	0.892	0.893	0.892	0.89	0.889			0.891428571
0.892	0.888	0.894	0.89	0.886	0.887	0.89			0.889571429
0.891	0.891	0.894	0.883	0.89	0.891	0.887			0.889571429
0.888	0.892	0.89	0.89	0.89	0.88	0.886			0.888
0.891	0.894	0.887	0.892	0.887	0.891	0.894			0.890857143
0.892	0.889	0.894	0.881	0.891	0.889	0.884			0.888571429
0.891	0.887	0.89	0.888	0.892	0.892	0.889			0.889857143
0.893	0.892	0.889	0.894	0.888	0.894	0.993			0.906142857
0.895	0.889	0.89	0.888	0.896	0.889	0.89			0.891
0.89	0.889	0.892	0.892	0.892	0.892	0.888			0.890714286
0.886	0.984	0.895	0.895	0.889	0.89	0.89			0.904142857
0.89	0.889	0.881	0.891	0.886	0.887	0.888			0.887428571
0.887	0.898	0.892	0.889	0.89	0.892	0.89			0.891142857
0.888	0.889	0.894	0.89	0.893	0.889	0.894			0.891
0.893	0.892	0.991	0.886	0.883	0.895	0.885			0.903571429
0.891	0.886	0.882	0.891	0.897	0.89	0.892			0.889857143
0.886	0.888	0.886	0.892	0.892	0.888	0.891			0.889
0.889	0.887	0.893	0.887	0.894	0.892	0.888			0.89
0.893	0.894	0.891	0.891	0.892	0.886	0.894			0.891571429
0.893	0.893	0.891	0.889	0.886	0.889	0.894			0.890714286
0.881	0.889	0.895	0.892	0.891	0.888	0.89			0.889428571
0.886	0.894	0.889	0.885	0.889	0.889	0.887			0.888428571
0.885	0.892	0.891	0.894	0.891	0.887	0.887			0.889571429
0.887	0.883	0.886	0.885	0.892	0.889	0.892			0.887714286
0.889	0.889	0.893	0.884	0.887	0.887	0.894			0.889
0.89	0.891	0.89	0.889	0.892	0.891	0.894			0.891
0.891	0.889	0.886	0.889	0.889	0.992	0.889			0.903571429
0.895	0.89	0.892	0.896	0.891	0.893	0.892			0.892714286
0.896	0.888	0.89	0.891	0.892	0.887	0.891			0.890714286
0.893	0.889	0.885	0.891	0.89	0.892	0.894			0.890571429
0.889	0.888	0.893	0.893	0.891	0.891	0.888			0.890428571
0.886	0.893	0.893	0.993	0.887	0.892	0.89			0.904857143
0.892	0.895	0.89	0.885	0.89	0.889	0.893			0.890571429
0.891	0.891	0.883	0.893	0.892	0.882	0.891			0.889
0.891	0.885	0.892	0.887	0.886	0.894	0.892			0.889571429
0.89	0.891	0.883	0.896	0.887	0.896	0.885			0.889714286
0.891	0.888	0.893	0.892	0.885	0.89	0.893			0.890285714
0.89	0.892	0.893	0.89	0.884	0.891	0.889			0.889857143
0.887	0.889	0.89	0.892	0.891	0.892	0.891			0.890285714
0.991	0.896	0.891	0.888	0.891	0.891	0.894			0.906
0.89	0.888	0.884	0.893	0.886	0.892	0.893			0.889428571
0.887	0.891	0.892	0.89	0.886	0.891	0.891			0.889714286
0.886	0.895	0.888	0.887	0.886	0.893	0.889			0.889142857
0.89	0.891	0.889	0.888	0.892	0.886	0.893			0.889857143
0.897	0.895	0.888	0.895	0.891	0.888	0.891			0.892142857
0.887	0.89	0.889	0.89	0.89	0.896	0.89			0.890285714
0.895	0.894	0.89	0.892	0.892	0.888	0.889			0.891428571
0.891	0.892	0.893	0.893	0.994	0.894	0.892			0.907
0.884	0.887	0.889	0.885	0.892	0.894	0.888			0.888428571
0.89	0.888	0.895	0.89	0.894	0.891	0.889			0.891
0.895	0.889	0.891	0.89	0.894	0.885	0.892			0.890857143
0.894	0.889	0.891	0.892	0.889	0.881	0.89			0.889428571
0.895	0.889	0.894	0.892	0.888	0.89	0.881			0.889857143
0.891	0.893	0.889	0.894	0.89	0.888	0.89			0.890714286
0.889	0.896	0.895	0.884	0.89	0.889	0.894			0.891
0.894	0.894	0.892	0.888	0.889	0.891	0.891			0.891285714
0.893	0.888	0.888	0.889	0.89	0.889	0.884			0.888714286
0.892	0.895	0.886	0.891	0.889	0.891	0.891			0.890714286
0.892	0.892	0.891	0.892	0.887	0.889	0.991			0.904857143
0.888	0.89	0.891	0.89	0.889	0.885	0.891			0.889142857
0.898	0.892	0.892	0.89	0.891	0.889	0.894			0.892285714
0.891	0.994	0.895	0.893	0.888	0.89	0.894			0.906428571
0.879	0.895	0.894	0.89	0.887	0.895	0.893			0.890428571
0.89	0.892	0.896	0.892	0.891	0.893	0.889			0.891857143
0.89	0.896	0.889	0.888	0.895	0.889	0.894			0.891571429
0.894	0.886	0.992	0.889	0.886	0.895	0.891			0.904714286
0.891	0.893	0.89	0.891	0.889	0.895	0.894			0.891857143
0.894	0.89	0.892	0.889	0.887	0.89	0.896			0.891142857
0.89	0.892	0.892	0.89	0.889	0.891	0.892			0.890857143
0.892	0.889	0.89	0.888	0.889	0.893	0.892			0.890428571
0.893	0.887	0.887	0.893	0.89	0.891	0.889			0.89
0.889	0.89	0.892	0.897	0.89	0.89	0.891			0.891285714
0.891	0.888	0.886	0.888	0.889	0.892	0.893			0.889571429
0.893	0.894	0.89	0.893	0.893	0.885	0.893			0.891571429
0.891	0.89	0.891	0.896	0.893	0.89	0.891			0.891714286
0.892	0.893	0.895	0.887	0.892	0.894	0.895			0.892571429
0.896	0.892	0.892	0.895	0.889	0.894	0.893			0.893
0.893	0.89	0.889	0.892	0.89	0.996	0.894			0.906285714
0.888	0.888	0.889	0.891	0.893	0.893	0.895			0.891
0.889	0.892	0.893	0.893	0.897	0.89	0.892			0.892285714
0.891	0.891	0.896	0.895	0.893	0.881	0.894			0.891571429
0.889	0.895	0.891	0.894	0.893	0.893	0.891			0.892285714
0.89	0.885	0.896	0.996	0.897	0.897	0.891			0.907428571
0.891	0.89	0.89	0.895	0.891	0.894	0.896			0.892428571
0.89	0.894	0.889	0.894	0.894	0.883	0.895			0.891285714
0.89	0.893	0.895	0.893	0.889	0.89	0.895			0.892142857
0.894	0.89	0.889	0.891	0.889	0.895	0.89			0.891142857
0.891	0.894	0.892	0.887	0.89	0.89	0.896			0.891428571
0.894	0.895	0.893	0.889	0.893	0.893	0.889			0.892285714
0.886	0.896	0.893	0.892	0.889	0.89	0.89			0.890857143
0.994	0.894	0.892	0.893	0.891	0.89	0.892			0.906571429
0.891	0.889	0.89	0.888	0.891	0.884	0.889			0.888857143
0.892	0.893	0.89	0.888	0.89	0.895	0.888			0.890857143
0.895	0.893	0.892	0.887	0.894	0.891	0.89			0.891714286
0.89	0.893	0.894	0.894	0.892	0.894	0.892			0.892714286
0.893	0.892	0.897	0.892	0.893	0.889	0.888			0.892
0.895	0.892	0.893	0.884	0.891	0.892	0.89			0.891
0.891	0.891	0.888	0.895	0.895	0.891	0.894			0.892142857
0.889	0.889	0.887	0.896	0.993	0.891	0.891			0.905142857
0.89	0.891	0.888	0.89	0.897	0.89	0.892			0.891142857
0.891	0.888	0.896	0.892	0.892	0.892	0.892			0.891857143
0.895	0.893	0.891	0.887	0.893	0.891	0.895			0.892142857
0.893	0.893	0.89	0.894	0.89	0.894	0.897			0.893
0.893	0.893	0.889	0.895	0.894	0.894	0.892			0.892857143
0.895	0.893	0.891	0.883	0.887	0.89	0.888			0.889571429
0.895	0.894	0.889	0.89	0.889	0.898	0.893			0.892571429
0.893	0.89	0.89	0.89	0.894	0.889	0.892			0.891142857
0.895	0.887	0.894	0.889	0.891	0.895	0.891			0.891714286
0.89	0.894	0.886	0.885	0.889	0.89	0.891			0.889285714
0.891	0.892	0.887	0.895	0.895	0.895	0.994			0.907
0.892	0.891	0.891	0.89	0.893	0.893	0.891			0.891571429
0.888	0.896	0.894	0.891	0.894	0.896	0.892			0.893
0.891	0.994	0.892	0.889	0.894	0.892	0.897			0.907
0.897	0.891	0.892	0.891	0.891	0.89	0.892			0.892
0.887	0.884	0.89	0.887	0.898	0.894	0.895			0.890714286
0.893	0.893	0.892	0.888	0.889	0.891	0.892			0.891142857
0.895	0.893	0.993	0.893	0.89	0.891	0.89			0.906428571
0.893	0.894	0.891	0.89	0.894	0.893	0.894			0.892714286
0.896	0.892	0.895	0.894	0.892	0.893	0.888			0.892857143
0.888	0.888	0.892	0.89	0.891	0.892	0.889			0.89
0.892	0.891	0.894	0.891	0.889	0.892	0.888			0.891
0.894	0.89	0.894	0.89	0.896	0.891	0.892			0.892428571
0.888	0.889	0.891	0.892	0.891	0.894	0.894			0.891285714
0.891	0.895	0.893	0.891	0.894	0.887	0.893			0.892
0.894	0.892	0.885	0.891	0.893	0.894	0.89			0.891285714
0.891	0.893	0.892	0.89	0.892	0.892	0.889			0.891285714
0.893	0.893	0.895	0.891	0.896	0.89	0.897			0.893571429
0.892	0.894	0.892	0.898	0.892	0.892	0.887			0.892428571
0.892	0.893	0.891	0.893	0.893	0.994	0.896			0.907428571
0.894	0.888	0.892	0.895	0.894	0.894	0.889			0.892285714
0.892	0.887	0.89	0.896	0.887	0.892	0.89			0.890571429
0.893	0.891	0.892	0.891	0.891	0.888	0.892			0.891142857
0.898	0.891	0.893	0.892	0.891	0.894	0.885			0.892
0.896	0.894	0.891	0.991	0.896	0.887	0.894			0.907
0.891	0.893	0.893	0.893	0.892	0.894	0.896			0.893142857
0.894	0.888	0.889	0.888	0.891	0.893	0.897			0.891428571
0.89	0.889	0.897	0.894	0.894	0.896	0.888			0.892571429
0.894	0.895	0.89	0.896	0.89	0.894	0.897			0.893714286
0.886	0.89	0.893	0.891	0.89	0.89	0.891			0.890142857
0.892	0.893	0.891	0.897	0.891	0.889	0.895			0.892571429
0.893	0.897	0.893	0.893	0.893	0.896	0.891			0.893714286
0.989	0.894	0.895	0.89	0.893	0.891	0.897			0.907
0.89	0.893	0.887	0.896	0.893	0.888	0.896			0.891857143
0.894	0.895	0.891	0.894	0.897	0.894	0.895			0.894285714
0.893	0.886	0.892	0.89	0.895	0.89	0.889			0.890714286
0.892	0.89	0.892	0.891	0.892	0.891	0.892			0.891428571
0.893	0.89	0.893	0.893	0.894	0.89	0.895			0.892571429
0.892	0.892	0.894	0.889	0.893	0.895	0.894			0.892714286
0.89	0.893	0.893	0.89	0.889	0.891	0.893			0.891285714
0.893	0.892	0.892	0.895	0.99	0.894	0.89			0.906571429
0.895	0.892	0.893	0.892	0.888	0.894	0.892			0.892285714
0.893	0.894	0.895	0.892	0.897	0.897	0.893			0.894428571
0.89	0.89	0.89	0.888	0.892	0.895	0.891			0.890857143
0.887	0.893	0.893	0.893	0.891	0.888	0.892			0.891
0.892	0.891	0.895	0.887	0.892	0.891	0.894			0.891714286
0.889	0.894	0.89	0.892	0.893	0.894	0.893			0.892142857
0.894	0.893	0.893	0.894	0.895	0.893	0.892			0.893428571
0.891	0.895	0.89	0.894	0.895	0.89	0.893			0.892571429
0.891	0.893	0.891	0.891	0.897	0.893	0.896			0.893142857
0.895	0.89	0.897	0.896	0.895	0.896	0.89			0.894142857
0.898	0.889	0.888	0.891	0.894	0.891	0.994			0.906428571
0.891	0.892	0.896	0.896	0.896	0.893	0.891			0.893571429
0.893	0.89	0.895	0.895	0.892	0.888	0.892			0.892142857
0.891	0.991	0.887	0.893	0.889	0.892	0.89			0.904714286
0.889	0.898	0.894	0.893	0.891	0.891	0.891			0.892428571
0.888	0.892	0.89	0.894	0.893	0.892	0.89			0.891285714
0.897	0.893	0.891	0.888	0.892	0.89	0.89			0.891571429
0.893	0.892	0.992	0.89	0.891	0.896	0.895			0.907
0.894	0.892	0.895	0.889	0.894	0.893	0.893			0.892857143
0.891	0.892	0.891	0.891	0.89	0.896	0.89			0.891571429
0.892	0.892	0.891	0.893	0.89	0.893	0.895			0.892285714
0.891	0.893	0.889	0.892	0.893	0.89	0.896			0.892
0.888	0.891	0.894	0.889	0.896	0.894	0.891			0.891857143
0.895	0.892	0.894	0.887	0.889	0.893	0.893			0.891857143
0.89	0.895	0.894	0.896	0.891	0.893	0.898			0.893857143
0.887	0.89	0.895	0.894	0.892	0.891	0.889			0.891142857
0.893	0.891	0.893	0.888	0.892	0.893	0.892			0.891714286
0.893	0.893	0.897	0.894	0.895	0.894	0.893			0.894142857
0.891	0.891	0.888	0.894	0.893	0.893	0.897			0.892428571
0.889	0.893	0.892	0.889	0.893	0.994	0.891			0.905857143
0.894	0.892	0.893	0.894	0.896	0.889	0.894			0.893142857
0.891	0.894	0.893	0.894	0.892	0.888	0.895			0.892428571
0.891	0.891	0.895	0.894	0.893	0.888	0.887			0.891285714
0.896	0.889	0.888	0.893	0.894	0.892	0.895			0.892428571
0.895	0.895	0.892	0.996	0.894	0.893	0.89			0.907857143
0.895	0.89	0.894	0.889	0.896	0.893	0.885			0.891714286
0.889	0.893	0.892	0.892	0.892	0.892	0.895			0.892142857
0.894	0.895	0.89	0.889	0.886	0.895	0.895			0.892
0.893	0.892	0.889	0.891	0.895	0.894	0.892			0.892285714
0.89	0.891	0.895	0.894	0.894	0.895	0.896			0.893571429
0.889	0.892	0.891	0.892	0.891	0.89	0.89			0.890714286
0.897	0.894	0.893	0.895	0.894	0.886	0.892			0.893
0.996	0.89	0.892	0.891	0.896	0.895	0.891			0.907285714
0.893	0.895	0.892	0.888	0.898	0.895	0.895			0.893714286
0.893	0.895	0.893	0.891	0.89	0.895	0.892			0.892714286
0.894	0.893	0.889	0.893	0.894	0.89	0.893			0.892285714
0.894	0.893	0.894	0.896	0.892	0.891	0.894			0.893428571
0.894	0.894	0.894	0.894	0.892	0.892	0.897			0.893857143
0.891	0.892	0.89	0.89	0.89	0.893	0.89			0.890857143
									0.92190167
